request,latency,mem
epigenomics_9793_entry_0,1.0,1.0
epigenomics_9793_fastqSplit_0,59.10495872768605,120.69737970892184
epigenomics_9793_fastqSplit_1,63.51690432175932,105.10628558248067
epigenomics_9793_filterContams_0,19.442950156837213,56.79278526281191
epigenomics_9793_filterContams_1,18.00052870288828,69.799537149856
epigenomics_9793_filterContams_2,14.88008195941395,81.70673987446587
epigenomics_9793_filterContams_3,21.828866994488543,65.71667004833485
epigenomics_9793_filterContams_4,20.13249545054584,61.273513980646726
epigenomics_9793_filterContams_5,19.233417248996744,54.51508045922197
epigenomics_9793_filterContams_6,22.379275591186893,76.03134002045462
epigenomics_9793_filterContams_7,18.380225646209823,59.37626325168975
epigenomics_9793_filterContams_8,21.086871364778407,52.87638472050281
epigenomics_9793_filterContams_9,22.14599456520089,69.21810307284727
epigenomics_9793_filterContams_10,17.685005598273257,59.18976653436355
epigenomics_9793_filterContams_11,18.70255434637397,62.24619609945065
epigenomics_9793_filterContams_12,18.482093350648274,66.82199164014264
epigenomics_9793_filterContams_13,22.970264038223295,79.44303093498046
epigenomics_9793_filterContams_14,19.144481160678026,66.737868347463
epigenomics_9793_filterContams_15,19.775422298430794,53.173375069842905
epigenomics_9793_filterContams_16,17.1199482404977,62.71546022424097
epigenomics_9793_filterContams_17,19.400817949325653,65.56823683355219
epigenomics_9793_filterContams_18,18.432859241348336,73.50789373933446
epigenomics_9793_filterContams_19,23.761535114889657,63.01974485655769
epigenomics_9793_filterContams_20,18.57223236192758,66.26032614979566
epigenomics_9793_filterContams_21,15.69372603252178,54.5119333923939
epigenomics_9793_filterContams_22,20.09664488606246,48.421250787765885
epigenomics_9793_filterContams_23,18.19239572212139,56.52574637354771
epigenomics_9793_filterContams_24,21.356611506097725,62.255869671970906
epigenomics_9793_filterContams_25,19.095416995062788,68.65965339058987
epigenomics_9793_filterContams_26,24.510468591745123,52.15417173827641
epigenomics_9793_filterContams_27,17.05862501610715,64.98824097985928
epigenomics_9793_filterContams_28,21.98488782918794,64.04500941056662
epigenomics_9793_filterContams_29,22.420619391011478,71.58511860012118
epigenomics_9793_filterContams_30,18.1923932145997,59.589348932347335
epigenomics_9793_filterContams_31,22.490275254030585,72.30651208554521
epigenomics_9793_filterContams_32,18.159075531511174,66.9887697243542
epigenomics_9793_filterContams_33,19.48166723127112,56.185288084267
epigenomics_9793_filterContams_34,21.74788505389019,75.5562244596009
epigenomics_9793_filterContams_35,18.251642814565084,52.58075697070184
epigenomics_9793_filterContams_36,21.201301421017646,68.85647178576923
epigenomics_9793_filterContams_37,16.99703772002388,71.48651411916069
epigenomics_9793_filterContams_38,18.41795848552362,67.60940027286674
epigenomics_9793_filterContams_39,22.3364440360185,65.61708020706878
epigenomics_9793_filterContams_40,19.86890951092459,48.49127723276768
epigenomics_9793_filterContams_41,16.27786726283795,80.50156420584791
epigenomics_9793_filterContams_42,17.786144127383345,71.98553424961048
epigenomics_9793_filterContams_43,27.25126622844944,60.715409989141044
epigenomics_9793_filterContams_44,21.555815782504297,64.4954193057997
epigenomics_9793_filterContams_45,18.20451389252319,71.1888701345388
epigenomics_9793_filterContams_46,14.321901383391095,62.164483952361955
epigenomics_9793_filterContams_47,16.276240456612808,59.27702393334862
epigenomics_9793_filterContams_48,14.365187195928513,39.240525311555146
epigenomics_9793_filterContams_49,14.251710317714926,65.65541268742302
epigenomics_9793_filterContams_50,17.300380861434817,66.66309970831662
epigenomics_9793_filterContams_51,21.223163291443782,64.90161791592888
epigenomics_9793_filterContams_52,19.361284970541288,70.88989721131627
epigenomics_9793_filterContams_53,19.528225551847854,68.12425058590091
epigenomics_9793_filterContams_54,15.872216897124257,66.10494022504689
epigenomics_9793_filterContams_55,21.13819472497837,49.34316187306972
epigenomics_9793_filterContams_56,23.486040556064943,57.31356880213977
epigenomics_9793_filterContams_57,20.214491339399896,53.559679249879174
epigenomics_9793_filterContams_58,19.883955122493706,64.21815730334202
epigenomics_9793_filterContams_59,19.10387285044528,78.38493186450913
epigenomics_9793_filterContams_60,16.51816589102293,53.847463139505734
epigenomics_9793_filterContams_61,18.119584635676908,53.68790302634372
epigenomics_9793_filterContams_62,19.65982342409339,79.05351222650948
epigenomics_9793_filterContams_63,18.829731727751117,63.413304692976446
epigenomics_9793_filterContams_64,12.835561502984575,64.68772413978363
epigenomics_9793_filterContams_65,24.68044968402819,60.91859897778478
epigenomics_9793_filterContams_66,22.455039558664286,66.8008303759251
epigenomics_9793_filterContams_67,17.791596147707686,68.6527774135424
epigenomics_9793_filterContams_68,19.375495629539415,59.011415386631086
epigenomics_9793_filterContams_69,26.703648299278775,62.742836480335285
epigenomics_9793_filterContams_70,21.47195763432994,57.34007427332677
epigenomics_9793_filterContams_71,18.658085478306102,73.4085735995661
epigenomics_9793_filterContams_72,19.23946685680328,64.58643765239312
epigenomics_9793_filterContams_73,19.6174000656649,55.328822940780256
epigenomics_9793_filterContams_74,23.880925416967933,47.971991778202806
epigenomics_9793_filterContams_75,22.42365651519512,58.00372921592135
epigenomics_9793_filterContams_76,20.10341552663509,67.73961083583495
epigenomics_9793_filterContams_77,16.02813841300727,61.06760591693019
epigenomics_9793_filterContams_78,21.214028237592977,63.21651288433395
epigenomics_9793_filterContams_79,14.897693793260647,70.43389783882907
epigenomics_9793_filterContams_80,20.5962414630924,64.24569478116565
epigenomics_9793_filterContams_81,17.643499566667916,67.57366852973136
epigenomics_9793_filterContams_82,21.584127585631833,64.42546738527075
epigenomics_9793_filterContams_83,24.329699714536744,77.38013381690618
epigenomics_9793_filterContams_84,24.80401231003553,72.05582476356463
epigenomics_9793_filterContams_85,23.818713271060684,56.54624566164904
epigenomics_9793_filterContams_86,22.181568650860264,73.17973264814133
epigenomics_9793_filterContams_87,15.936338940459606,65.9199660646945
epigenomics_9793_filterContams_88,21.406097859094082,63.60014760895743
epigenomics_9793_filterContams_89,22.787073760440222,72.96128191179926
epigenomics_9793_filterContams_90,19.79055377710229,57.376663827009494
epigenomics_9793_filterContams_91,23.858857099131278,61.484850461717556
epigenomics_9793_filterContams_92,22.180337772513564,57.01402009326567
epigenomics_9793_filterContams_93,20.870778006944757,75.11754878639834
epigenomics_9793_filterContams_94,16.97108617268891,74.45804138879453
epigenomics_9793_filterContams_95,18.317086500588935,71.58844389547546
epigenomics_9793_filterContams_96,18.30799328577403,62.883661168200206
epigenomics_9793_filterContams_97,22.192710086790377,62.761347000774876
epigenomics_9793_filterContams_98,22.42032437115413,56.61052537411456
epigenomics_9793_filterContams_99,21.415402151124564,66.69466475544789
epigenomics_9793_filterContams_100,22.411421404426136,59.16867914876928
epigenomics_9793_filterContams_101,17.07951142263065,73.158843546659
epigenomics_9793_filterContams_102,23.374286488232123,58.04239477538418
epigenomics_9793_filterContams_103,22.252507935182827,69.34477585128344
epigenomics_9793_filterContams_104,25.440181885040662,70.36773548914734
epigenomics_9793_filterContams_105,21.825307260558713,74.31797308775717
epigenomics_9793_filterContams_106,15.748745915533554,69.78019211845618
epigenomics_9793_filterContams_107,19.23787887802311,63.85569457208623
epigenomics_9793_filterContams_108,22.059761912720475,71.55748249923569
epigenomics_9793_filterContams_109,22.177818840895938,68.93023650655873
epigenomics_9793_filterContams_110,24.15798003563969,62.919253658195295
epigenomics_9793_filterContams_111,19.297918143052993,67.38988541856993
epigenomics_9793_filterContams_112,18.747976731994644,64.13587048274749
epigenomics_9793_filterContams_113,19.391245402714908,78.83345076177486
epigenomics_9793_filterContams_114,16.311078030464557,60.94577432166637
epigenomics_9793_filterContams_115,16.732379837111512,72.54551939984759
epigenomics_9793_filterContams_116,20.186988853347383,79.86967558012583
epigenomics_9793_filterContams_117,20.604270045391054,65.33171335384
epigenomics_9793_filterContams_118,17.80989709616296,67.74114038243093
epigenomics_9793_filterContams_119,19.954749671429212,66.69288675382805
epigenomics_9793_filterContams_120,22.03437488124131,63.02587726936022
epigenomics_9793_filterContams_121,16.373158364124862,76.93748379858425
epigenomics_9793_filterContams_122,15.358878501790912,72.79091634845928
epigenomics_9793_filterContams_123,17.930696696395827,67.7598944595479
epigenomics_9793_filterContams_124,21.391480086685576,72.8797630569147
epigenomics_9793_filterContams_125,21.142941984264166,56.39672143355254
epigenomics_9793_filterContams_126,24.781468731480068,66.93539309820167
epigenomics_9793_filterContams_127,20.102094511984927,65.45026001527899
epigenomics_9793_filterContams_128,15.323276036584925,71.99944707865434
epigenomics_9793_filterContams_129,19.538916522465804,62.265393891918364
epigenomics_9793_filterContams_130,19.479115012912597,61.40225916456316
epigenomics_9793_filterContams_131,21.19889595506853,61.92322626531928
epigenomics_9793_filterContams_132,19.42835517950754,65.14987264817297
epigenomics_9793_filterContams_133,16.924223695111564,51.43134159550824
epigenomics_9793_filterContams_134,25.559238634948386,51.803296866965844
epigenomics_9793_filterContams_135,25.26639995129633,57.77115870467343
epigenomics_9793_filterContams_136,17.4419981674877,60.51015636671549
epigenomics_9793_filterContams_137,20.665335850607633,67.69920047244827
epigenomics_9793_filterContams_138,21.83395455716916,63.438683765511705
epigenomics_9793_filterContams_139,25.572115378845883,58.15559872831979
epigenomics_9793_filterContams_140,17.629397600111172,66.5960113109941
epigenomics_9793_filterContams_141,23.221178661911214,55.44446563894643
epigenomics_9793_filterContams_142,16.267100749629133,51.96198350811956
epigenomics_9793_filterContams_143,20.1356717181536,62.936040993656604
epigenomics_9793_filterContams_144,21.49022782660944,65.79034383363098
epigenomics_9793_filterContams_145,30.633788093416335,72.13885038496305
epigenomics_9793_filterContams_146,20.773344894186984,74.43097603480473
epigenomics_9793_filterContams_147,19.286487311281544,66.37799146888955
epigenomics_9793_filterContams_148,22.502027390037693,67.22746530206194
epigenomics_9793_filterContams_149,19.865438215941026,62.26941388449589
epigenomics_9793_filterContams_150,23.92699616140375,64.72112657974476
epigenomics_9793_filterContams_151,16.13162196730991,55.46285868896978
epigenomics_9793_filterContams_152,21.792363927349673,63.93090454146062
epigenomics_9793_filterContams_153,20.531198962465982,69.0224513014024
epigenomics_9793_filterContams_154,20.38752810444999,60.07186319724993
epigenomics_9793_filterContams_155,15.492475500306877,66.67200375350271
epigenomics_9793_filterContams_156,22.450841233405523,67.44642632308735
epigenomics_9793_filterContams_157,18.962641493459582,57.57872015482888
epigenomics_9793_filterContams_158,21.291710338717387,70.44216177638181
epigenomics_9793_filterContams_159,19.32872238598496,55.44232513101818
epigenomics_9793_filterContams_160,12.046924508002501,61.02987972531528
epigenomics_9793_filterContams_161,20.370574233550798,69.35741477916079
epigenomics_9793_filterContams_162,19.335491894051813,51.0856091622417
epigenomics_9793_filterContams_163,19.574814818466667,65.0068920980489
epigenomics_9793_filterContams_164,20.640787876625886,75.7050309775605
epigenomics_9793_filterContams_165,23.331821999928827,64.55035047593469
epigenomics_9793_filterContams_166,21.6964809759355,68.2494672810709
epigenomics_9793_filterContams_167,22.663931675412968,61.15165929287771
epigenomics_9793_filterContams_168,22.017229280101027,57.929920350876245
epigenomics_9793_filterContams_169,20.88543344824376,56.23885000265967
epigenomics_9793_filterContams_170,23.97241525578601,79.18662489266129
epigenomics_9793_filterContams_171,20.54658553795633,60.35547533757209
epigenomics_9793_filterContams_172,23.24438741616225,64.61234846749191
epigenomics_9793_filterContams_173,15.714351550123634,55.52628709036261
epigenomics_9793_filterContams_174,25.17736185196256,60.495654122816575
epigenomics_9793_filterContams_175,21.585243230440014,76.42247395432042
epigenomics_9793_filterContams_176,21.63558675821849,53.938154016214455
epigenomics_9793_filterContams_177,18.807304895938206,66.03080814584254
epigenomics_9793_filterContams_178,22.520464027196095,55.140618029518514
epigenomics_9793_filterContams_179,21.647803242397604,71.21483326467221
epigenomics_9793_filterContams_180,17.201092172611375,60.56645400252903
epigenomics_9793_filterContams_181,17.385890297838472,80.4852116217551
epigenomics_9793_filterContams_182,21.86718451181325,73.13681131667231
epigenomics_9793_filterContams_183,19.967019081856254,57.37963379538792
epigenomics_9793_filterContams_184,22.527959047287673,51.70124457186604
epigenomics_9793_filterContams_185,21.230083539839377,60.898492959485964
epigenomics_9793_filterContams_186,21.80935264433936,49.068920087829895
epigenomics_9793_filterContams_187,16.901283237753667,66.63069309239474
epigenomics_9793_filterContams_188,24.443416342899475,57.14391830443944
epigenomics_9793_filterContams_189,20.954811190943406,71.88701545673014
epigenomics_9793_filterContams_190,19.243686185526496,65.78373331084998
epigenomics_9793_filterContams_191,21.0528497876493,74.44211366336182
epigenomics_9793_filterContams_192,21.594197806187857,67.08228666455594
epigenomics_9793_filterContams_193,19.2263091910582,58.78468673054961
epigenomics_9793_filterContams_194,24.62051593807884,72.33210588086135
epigenomics_9793_filterContams_195,28.103117082338834,53.09845590222837
epigenomics_9793_filterContams_196,23.585956946554454,60.74404002376803
epigenomics_9793_filterContams_197,20.571566207665686,59.74990168413788
epigenomics_9793_filterContams_198,19.683362186263555,60.636513503748205
epigenomics_9793_filterContams_199,16.27740952620959,57.63534108662784
epigenomics_9793_filterContams_200,22.638080448969394,74.3373044322841
epigenomics_9793_filterContams_201,15.108268078025347,83.65163917981663
epigenomics_9793_filterContams_202,13.219344457618899,68.26441916008937
epigenomics_9793_filterContams_203,26.505165420616215,68.48118588688979
epigenomics_9793_filterContams_204,16.288657915411243,55.434812936240185
epigenomics_9793_filterContams_205,18.603767778738245,66.28972891444666
epigenomics_9793_filterContams_206,22.45487654875665,52.21716204123293
epigenomics_9793_filterContams_207,25.280566420993523,56.66896008455405
epigenomics_9793_filterContams_208,19.860168443895375,63.69528073721833
epigenomics_9793_filterContams_209,14.797737401914528,50.55921823567482
epigenomics_9793_filterContams_210,17.785356894896836,70.3572379455493
epigenomics_9793_filterContams_211,23.237337266034718,69.41380457247482
epigenomics_9793_filterContams_212,18.86307929085818,70.63152083593125
epigenomics_9793_filterContams_213,28.288687402692823,69.13179678960007
epigenomics_9793_filterContams_214,20.980825876493547,64.44133870545066
epigenomics_9793_filterContams_215,20.507404805932,60.88052796981811
epigenomics_9793_filterContams_216,10.774211030227274,58.23378713123793
epigenomics_9793_filterContams_217,23.176823806479078,75.52600690069903
epigenomics_9793_filterContams_218,18.507384771421847,59.22545417606026
epigenomics_9793_filterContams_219,18.5598481930986,71.9785359558562
epigenomics_9793_filterContams_220,21.672494213250882,74.40267488222372
epigenomics_9793_filterContams_221,19.39692941436939,66.44591134740959
epigenomics_9793_filterContams_222,17.762284726670096,68.28005635336417
epigenomics_9793_filterContams_223,14.2685938747105,62.32136506667418
epigenomics_9793_filterContams_224,19.33457499949332,44.15553217570306
epigenomics_9793_filterContams_225,22.405193473184898,34.66897025908531
epigenomics_9793_filterContams_226,17.23686730196327,50.68639745000811
epigenomics_9793_filterContams_227,21.19303582110839,63.533717964088616
epigenomics_9793_filterContams_228,17.301764845599475,69.83467749546482
epigenomics_9793_filterContams_229,22.579638074152378,63.438157672363246
epigenomics_9793_filterContams_230,15.59603795543164,52.67515771581759
epigenomics_9793_filterContams_231,19.093031998858656,59.00338997109598
epigenomics_9793_filterContams_232,14.636362683870471,59.93754854687353
epigenomics_9793_filterContams_233,24.67214421344099,63.276092624280174
epigenomics_9793_filterContams_234,19.587815469576785,61.05203404490133
epigenomics_9793_filterContams_235,13.510125115656495,68.5686068395331
epigenomics_9793_filterContams_236,25.410344573647105,58.19291950699655
epigenomics_9793_filterContams_237,21.399682181941124,67.70417626672392
epigenomics_9793_filterContams_238,20.270153951492944,73.05801844891077
epigenomics_9793_filterContams_239,16.17910115163583,65.05507059874334
epigenomics_9793_filterContams_240,22.03607670221148,57.98362255667741
epigenomics_9793_filterContams_241,20.707587827209892,66.83258227227475
epigenomics_9793_filterContams_242,25.014895869252925,62.60867636795163
epigenomics_9793_filterContams_243,17.377582248383252,61.737711409326515
epigenomics_9793_filterContams_244,17.466174297519515,69.20595798002925
epigenomics_9793_filterContams_245,19.0038488755586,62.53623513491418
epigenomics_9793_filterContams_246,15.454597058078962,55.50800265338751
epigenomics_9793_filterContams_247,19.415679293562334,65.71710078536981
epigenomics_9793_filterContams_248,22.884644764741566,68.2170105063833
epigenomics_9793_filterContams_249,20.930058440455337,59.37716072958532
epigenomics_9793_filterContams_250,17.31629501575162,77.78562625891422
epigenomics_9793_filterContams_251,22.109196876951177,69.28002799694671
epigenomics_9793_filterContams_252,20.82351713251025,58.18412774731987
epigenomics_9793_filterContams_253,20.34739520200599,60.188580150546606
epigenomics_9793_filterContams_254,18.75815824222529,54.688147437402364
epigenomics_9793_filterContams_255,20.27401209701387,79.34415320774507
epigenomics_9793_filterContams_256,23.988281209012904,58.862363315951406
epigenomics_9793_filterContams_257,22.010898455356127,56.45671404296054
epigenomics_9793_filterContams_258,14.75924854648943,71.27294665224966
epigenomics_9793_filterContams_259,21.21250638983778,70.52218034680563
epigenomics_9793_filterContams_260,23.451633102881207,70.76354577224998
epigenomics_9793_filterContams_261,20.653452795843155,54.33692400763046
epigenomics_9793_filterContams_262,21.982467957804904,65.494241767261
epigenomics_9793_filterContams_263,12.15921183516243,62.54516949193428
epigenomics_9793_filterContams_264,25.98390587767794,55.23614809867136
epigenomics_9793_filterContams_265,14.777699573451955,75.8265628004774
epigenomics_9793_filterContams_266,23.6427302623682,61.96261063295089
epigenomics_9793_filterContams_267,22.574952185852986,56.23027064452674
epigenomics_9793_filterContams_268,20.182196534284955,69.01803950289643
epigenomics_9793_filterContams_269,20.56348740738736,68.67940671638974
epigenomics_9793_filterContams_270,20.90387230358696,65.67911462077541
epigenomics_9793_filterContams_271,16.753618649865295,76.93567988245564
epigenomics_9793_filterContams_272,21.746762200444202,56.42946005447287
epigenomics_9793_filterContams_273,25.12863754744925,57.335932919434235
epigenomics_9793_filterContams_274,20.325874051524018,73.95822753711752
epigenomics_9793_filterContams_275,20.901418966036946,66.47828569010473
epigenomics_9793_filterContams_276,21.952821453020682,71.28103571989567
epigenomics_9793_filterContams_277,17.76652194533814,64.18283582095746
epigenomics_9793_filterContams_278,22.311665951904445,56.32855126488479
epigenomics_9793_filterContams_279,15.78919580161303,68.08064007607847
epigenomics_9793_filterContams_280,19.059402506780053,67.87767924693422
epigenomics_9793_filterContams_281,20.44469998365755,51.282320029686346
epigenomics_9793_filterContams_282,23.34030674698746,45.212734316233984
epigenomics_9793_filterContams_283,15.394652662631385,81.57888587820047
epigenomics_9793_filterContams_284,16.494241094077292,63.01075891008253
epigenomics_9793_filterContams_285,18.516268816542105,66.22728809697699
epigenomics_9793_filterContams_286,21.23328335126067,59.14240519536126
epigenomics_9793_filterContams_287,21.80844630334002,73.24852908266419
epigenomics_9793_filterContams_288,17.652632376202256,61.90963365859078
epigenomics_9793_filterContams_289,17.14959724769616,51.10470018561929
epigenomics_9793_filterContams_290,23.077355154139195,64.89661642101737
epigenomics_9793_filterContams_291,16.647061094155372,73.60442736212839
epigenomics_9793_filterContams_292,18.11715675741182,67.97922737970885
epigenomics_9793_filterContams_293,21.152848209193067,64.12707431168944
epigenomics_9793_filterContams_294,22.057218761434726,71.48122751919988
epigenomics_9793_filterContams_295,21.13973935541603,71.87747343367054
epigenomics_9793_filterContams_296,23.348493420559837,61.15212774825147
epigenomics_9793_filterContams_297,16.87989398342465,73.27896148467535
epigenomics_9793_filterContams_298,18.122786749456765,44.336069084944654
epigenomics_9793_filterContams_299,15.60143774862665,43.57493183065885
epigenomics_9793_filterContams_300,15.677295937410268,50.17014264235613
epigenomics_9793_filterContams_301,23.4251583144239,63.78786366204479
epigenomics_9793_filterContams_302,18.38208573482413,57.730789794242575
epigenomics_9793_filterContams_303,15.322452513717922,67.78926142940648
epigenomics_9793_filterContams_304,24.605255233915717,69.38828716927883
epigenomics_9793_filterContams_305,22.60033409684836,65.32519288397228
epigenomics_9793_filterContams_306,21.440627193397912,58.67888573386403
epigenomics_9793_filterContams_307,22.796967570021256,66.4829820686491
epigenomics_9793_filterContams_308,25.96055767353019,58.14193976936591
epigenomics_9793_filterContams_309,18.71786192403011,58.12236203016517
epigenomics_9793_filterContams_310,15.150048732380178,60.2792759676162
epigenomics_9793_filterContams_311,17.08309467706659,48.008494596077796
epigenomics_9793_filterContams_312,27.64402544783642,73.50370424498016
epigenomics_9793_filterContams_313,21.96867700522599,72.69022161143097
epigenomics_9793_filterContams_314,24.770693046402396,63.979375599841596
epigenomics_9793_filterContams_315,20.011747845122056,63.67825825490335
epigenomics_9793_filterContams_316,24.54198557902724,75.36106497324674
epigenomics_9793_filterContams_317,21.36086013459712,69.96881513896678
epigenomics_9793_filterContams_318,18.47377146844737,51.882129681664516
epigenomics_9793_filterContams_319,22.007070534501665,53.21854833875425
epigenomics_9793_filterContams_320,19.631855000645384,65.78424502047913
epigenomics_9793_filterContams_321,19.991093506003796,69.5736375145493
epigenomics_9793_filterContams_322,20.13698651237997,49.05730020594742
epigenomics_9793_filterContams_323,20.7119954395773,65.63824308787595
epigenomics_9793_filterContams_324,21.18939586192267,64.33270964326884
epigenomics_9793_filterContams_325,20.191839528028144,57.606767769201255
epigenomics_9793_filterContams_326,18.567543254833023,49.98287324519801
epigenomics_9793_filterContams_327,18.45134397172007,61.29801928814551
epigenomics_9793_filterContams_328,17.928465464832254,55.24619392430441
epigenomics_9793_filterContams_329,20.884630789356812,60.14305287191121
epigenomics_9793_filterContams_330,18.376228204210424,71.94458675907899
epigenomics_9793_filterContams_331,20.51473947539823,59.627781034506036
epigenomics_9793_filterContams_332,16.882294462057,56.22580514440189
epigenomics_9793_filterContams_333,23.01011041644282,55.805349335619404
epigenomics_9793_filterContams_334,18.471804811647168,70.46322877347656
epigenomics_9793_filterContams_335,19.753999792001977,65.53480448966337
epigenomics_9793_filterContams_336,21.489203142794317,71.62030944007194
epigenomics_9793_filterContams_337,24.129126454735342,77.78758465848443
epigenomics_9793_filterContams_338,17.23052345934327,73.4974798362653
epigenomics_9793_filterContams_339,20.791574530536785,69.02433722787211
epigenomics_9793_filterContams_340,18.433461012737357,71.53091956369627
epigenomics_9793_filterContams_341,24.810663573865998,68.79063712885066
epigenomics_9793_filterContams_342,22.019342643975108,69.85205176201782
epigenomics_9793_filterContams_343,21.442111935971916,67.97857487873533
epigenomics_9793_filterContams_344,18.696979812852785,64.81425303968834
epigenomics_9793_filterContams_345,17.961100240525102,50.2056632644098
epigenomics_9793_filterContams_346,20.499310334109467,63.84866239396816
epigenomics_9793_filterContams_347,19.003592715209034,49.94297373879443
epigenomics_9793_filterContams_348,18.918125502594943,71.27561052642385
epigenomics_9793_filterContams_349,21.176759102195284,77.4275613604877
epigenomics_9793_filterContams_350,19.18476832994479,71.53053074283233
epigenomics_9793_filterContams_351,23.4742479231087,67.72259964198985
epigenomics_9793_filterContams_352,19.711283507325962,61.94064036420576
epigenomics_9793_filterContams_353,19.828704992631316,62.86700738356847
epigenomics_9793_filterContams_354,17.60213536336992,65.3569125989306
epigenomics_9793_filterContams_355,15.714438754818396,69.96657208568323
epigenomics_9793_filterContams_356,20.129894043720206,66.79562033625577
epigenomics_9793_filterContams_357,23.383823639028716,69.55557296084793
epigenomics_9793_filterContams_358,16.880264704253722,60.33268767689856
epigenomics_9793_filterContams_359,22.269858745183605,60.882760955417275
epigenomics_9793_filterContams_360,15.242466795362759,68.27823261595722
epigenomics_9793_filterContams_361,19.605298523574536,54.63757435342487
epigenomics_9793_filterContams_362,22.356588811102394,55.60486012860552
epigenomics_9793_filterContams_363,17.455078731824976,61.320448342739304
epigenomics_9793_filterContams_364,15.744131600225078,58.72905387689119
epigenomics_9793_filterContams_365,17.964815764932407,68.00646730006007
epigenomics_9793_filterContams_366,21.57954683521028,73.54508970297833
epigenomics_9793_filterContams_367,14.095806441921741,61.1297696857382
epigenomics_9793_filterContams_368,14.645807668301051,65.39332198703102
epigenomics_9793_filterContams_369,22.478466040038064,87.12096349705322
epigenomics_9793_filterContams_370,21.88927673520718,61.49310513297288
epigenomics_9793_filterContams_371,19.76290029654183,74.27386617700326
epigenomics_9793_filterContams_372,21.045013774689824,67.31291554168175
epigenomics_9793_filterContams_373,15.621705927954551,82.42489806645726
epigenomics_9793_filterContams_374,21.38024893697837,60.058116471465475
epigenomics_9793_filterContams_375,23.06355263422218,68.13363381857062
epigenomics_9793_filterContams_376,19.48452660823597,53.66948552947994
epigenomics_9793_filterContams_377,20.76035357579662,72.02747869360954
epigenomics_9793_filterContams_378,20.08588271329073,62.305537877345415
epigenomics_9793_filterContams_379,21.324655622547702,77.44272815752599
epigenomics_9793_filterContams_380,23.871209104825418,58.91316820198549
epigenomics_9793_filterContams_381,20.520468435760673,54.52662441599963
epigenomics_9793_filterContams_382,19.273079521089127,68.15174832538204
epigenomics_9793_filterContams_383,20.860028315904273,62.896281949461645
epigenomics_9793_filterContams_384,15.185466628608228,64.50641003069667
epigenomics_9793_filterContams_385,18.001243654450995,65.21224170543296
epigenomics_9793_filterContams_386,19.42764897300486,52.70334302806529
epigenomics_9793_filterContams_387,17.69555595300468,71.68084095037234
epigenomics_9793_filterContams_388,22.02770096989568,71.94111408599329
epigenomics_9793_filterContams_389,17.1811870040121,65.80502016124179
epigenomics_9793_filterContams_390,17.130367306016932,59.49950483561775
epigenomics_9793_filterContams_391,23.42313508767124,73.0119136224605
epigenomics_9793_filterContams_392,22.671313836982648,78.75792460311155
epigenomics_9793_filterContams_393,22.122263465019095,60.90269032855486
epigenomics_9793_filterContams_394,18.873902456838245,71.82776370256613
epigenomics_9793_filterContams_395,17.41955619786039,73.16210310575558
epigenomics_9793_filterContams_396,22.459157713758305,60.86170303284229
epigenomics_9793_filterContams_397,19.25306660482573,70.00882420854151
epigenomics_9793_filterContams_398,14.88162206508434,79.72655072722335
epigenomics_9793_filterContams_399,20.433215080551378,72.52590839817071
epigenomics_9793_filterContams_400,16.014444311133943,62.629831482283095
epigenomics_9793_filterContams_401,25.7971715062615,57.00233032343279
epigenomics_9793_filterContams_402,21.05243706879116,69.79145891445157
epigenomics_9793_filterContams_403,18.810147916642592,56.680959606842094
epigenomics_9793_filterContams_404,17.533426483865416,62.63147720344159
epigenomics_9793_filterContams_405,19.837350583699738,80.16642881006182
epigenomics_9793_filterContams_406,19.2867980411896,67.47575678504482
epigenomics_9793_filterContams_407,15.054438269562015,72.92770258080812
epigenomics_9793_filterContams_408,16.553170979094226,80.29572598261947
epigenomics_9793_filterContams_409,21.426637708160246,70.26343240905742
epigenomics_9793_filterContams_410,23.5924259838552,48.08408817992613
epigenomics_9793_filterContams_411,19.95736439577261,66.5433098866676
epigenomics_9793_filterContams_412,22.07425512091489,69.22432043266053
epigenomics_9793_filterContams_413,19.67949270243648,71.83720788306798
epigenomics_9793_filterContams_414,19.323605883037764,59.06624869388742
epigenomics_9793_filterContams_415,22.639211072446688,54.277486300908485
epigenomics_9793_filterContams_416,27.92199030106444,66.77357365515432
epigenomics_9793_filterContams_417,18.52474750089973,67.70373854422593
epigenomics_9793_filterContams_418,17.53882496641534,72.81539520546106
epigenomics_9793_filterContams_419,21.67158492235909,61.95946346068411
epigenomics_9793_filterContams_420,20.805386192127184,56.360676326105846
epigenomics_9793_filterContams_421,19.80571193210116,49.15206618572032
epigenomics_9793_filterContams_422,22.812352051182117,76.7757640261261
epigenomics_9793_filterContams_423,19.83992205123795,71.67221465169949
epigenomics_9793_filterContams_424,16.81492995822954,58.60652054135505
epigenomics_9793_filterContams_425,17.6375582730222,57.64292062358974
epigenomics_9793_filterContams_426,16.438042714510487,65.26375807478448
epigenomics_9793_filterContams_427,22.879606886190746,63.310574192523625
epigenomics_9793_filterContams_428,23.020683500730172,74.7905917985251
epigenomics_9793_filterContams_429,19.153015678537557,75.42625742712931
epigenomics_9793_filterContams_430,15.91383810530202,64.73249275809003
epigenomics_9793_filterContams_431,20.30159950397792,77.37072088741274
epigenomics_9793_filterContams_432,24.48020802508777,66.52225299758308
epigenomics_9793_filterContams_433,19.941245494481024,69.38285405866127
epigenomics_9793_filterContams_434,17.800256234214636,62.1391749706758
epigenomics_9793_filterContams_435,22.941675368735797,58.81947578060937
epigenomics_9793_filterContams_436,15.795366198021267,57.58733232110173
epigenomics_9793_filterContams_437,18.18584228726948,75.30312562148181
epigenomics_9793_filterContams_438,22.36892643046814,75.78655346895816
epigenomics_9793_filterContams_439,18.88011959959432,63.52012264875375
epigenomics_9793_filterContams_440,18.684011734483235,55.12592353276557
epigenomics_9793_filterContams_441,21.341664694724887,58.893077750467036
epigenomics_9793_filterContams_442,19.97652725671304,58.60462749974995
epigenomics_9793_filterContams_443,17.360607363649564,71.79828164031605
epigenomics_9793_filterContams_444,17.01602528095464,64.37345639631438
epigenomics_9793_filterContams_445,21.967423172063796,61.60860096933464
epigenomics_9793_filterContams_446,19.20465568697066,49.2091594521316
epigenomics_9793_filterContams_447,16.18953231064848,68.114485148229
epigenomics_9793_filterContams_448,19.43414325393164,53.83706830968492
epigenomics_9793_filterContams_449,20.028049877957226,57.670091732563066
epigenomics_9793_filterContams_450,17.40050917814232,69.36779146825859
epigenomics_9793_filterContams_451,19.873547537720444,80.83084065064493
epigenomics_9793_filterContams_452,23.43421629466116,66.2195758250184
epigenomics_9793_filterContams_453,11.407584942933457,66.03140166754237
epigenomics_9793_filterContams_454,18.806901263429484,62.463637962194774
epigenomics_9793_filterContams_455,22.179378566632053,71.14875741907284
epigenomics_9793_filterContams_456,17.200044231957644,58.42387771274385
epigenomics_9793_filterContams_457,21.184312935123636,66.32535456994489
epigenomics_9793_filterContams_458,17.155368176570388,67.05712976607077
epigenomics_9793_filterContams_459,18.24204382852357,59.334198683252744
epigenomics_9793_filterContams_460,18.39309759686001,67.11377268530406
epigenomics_9793_filterContams_461,24.16693963159097,71.12581416228683
epigenomics_9793_filterContams_462,15.905900067978711,72.44736492772888
epigenomics_9793_filterContams_463,20.385303835256043,64.98030870862964
epigenomics_9793_filterContams_464,20.17605094027841,64.59220110412868
epigenomics_9793_filterContams_465,20.194331979800797,75.61549604276335
epigenomics_9793_filterContams_466,21.051871130416288,82.0782077995288
epigenomics_9793_filterContams_467,19.557473654273217,57.30441531554314
epigenomics_9793_filterContams_468,11.513513591419716,61.06957529731433
epigenomics_9793_filterContams_469,17.192901880894738,63.32805930703792
epigenomics_9793_filterContams_470,18.315754627400754,74.79581274426029
epigenomics_9793_filterContams_471,17.650742824520044,73.71310359129515
epigenomics_9793_filterContams_472,14.023609629274162,57.952784056076396
epigenomics_9793_filterContams_473,19.099225114498374,52.56455296698216
epigenomics_9793_filterContams_474,23.35077732046947,74.04879313306152
epigenomics_9793_filterContams_475,19.814455855945127,80.62609140014965
epigenomics_9793_filterContams_476,16.7310407937452,71.12468683891782
epigenomics_9793_filterContams_477,18.790942073125418,65.17846620443314
epigenomics_9793_filterContams_478,16.909361352492287,73.45189295089945
epigenomics_9793_filterContams_479,19.857584570164597,59.46464618895837
epigenomics_9793_filterContams_480,13.987537815467775,65.48866114974615
epigenomics_9793_filterContams_481,22.29896217836217,60.85084717528164
epigenomics_9793_filterContams_482,18.681040111242464,61.31183556497383
epigenomics_9793_filterContams_483,17.229097011343175,56.76910044029123
epigenomics_9793_filterContams_484,17.714026046405937,80.42443514032259
epigenomics_9793_filterContams_485,22.417005650823665,79.18909424076797
epigenomics_9793_filterContams_486,19.195019824892917,53.7753884603802
epigenomics_9793_filterContams_487,16.429653053904758,68.51534454872602
epigenomics_9793_filterContams_488,20.974284167185377,58.12198727006086
epigenomics_9793_filterContams_489,19.383222867967312,70.43484875345479
epigenomics_9793_filterContams_490,20.93832611122929,72.54333939640216
epigenomics_9793_filterContams_491,20.169980929868377,71.00593823991095
epigenomics_9793_filterContams_492,22.949371555079253,59.153580608933126
epigenomics_9793_filterContams_493,22.63193535712022,62.91742472892176
epigenomics_9793_filterContams_494,20.64032834304056,76.963932374324
epigenomics_9793_filterContams_495,17.976533508845705,67.30831217118086
epigenomics_9793_filterContams_496,17.54985835413358,59.70661895912488
epigenomics_9793_filterContams_497,18.253509488912883,52.61027784572111
epigenomics_9793_filterContams_498,17.95059935749587,63.597856774131905
epigenomics_9793_filterContams_499,17.60648875820951,66.22388636872348
epigenomics_9793_sol2sanger_0,78.85045673682515,44.12146473022463
epigenomics_9793_sol2sanger_1,78.1058140197337,38.12800847701278
epigenomics_9793_sol2sanger_2,83.1055936740994,46.8894057522509
epigenomics_9793_sol2sanger_3,80.18685724594276,46.12535269621695
epigenomics_9793_sol2sanger_4,73.03786875403986,48.962743134418496
epigenomics_9793_sol2sanger_5,85.46735602511421,36.664657635194246
epigenomics_9793_sol2sanger_6,80.8519248596308,54.092193295332066
epigenomics_9793_sol2sanger_7,83.55879815071333,48.92079718615606
epigenomics_9793_sol2sanger_8,87.64765926688361,58.00068048242934
epigenomics_9793_sol2sanger_9,89.39608481402483,48.895591656899114
epigenomics_9793_sol2sanger_10,84.2386388223175,53.655780604616815
epigenomics_9793_sol2sanger_11,87.40349218685455,41.00229461295056
epigenomics_9793_sol2sanger_12,87.82151353159153,48.394896866961524
epigenomics_9793_sol2sanger_13,77.60254133931852,59.03368946931171
epigenomics_9793_sol2sanger_14,85.67139874009116,31.044636523433432
epigenomics_9793_sol2sanger_15,87.68295065820932,50.17701160354796
epigenomics_9793_sol2sanger_16,76.26359653940571,59.01223888309286
epigenomics_9793_sol2sanger_17,72.48806680048237,58.15069218543815
epigenomics_9793_sol2sanger_18,85.6459452693993,51.62440114879432
epigenomics_9793_sol2sanger_19,87.72355506549457,45.20101702399583
epigenomics_9793_sol2sanger_20,83.17498527263785,52.98207655421528
epigenomics_9793_sol2sanger_21,82.1271135263397,36.727853489281465
epigenomics_9793_sol2sanger_22,77.8691541162707,45.19204427354662
epigenomics_9793_sol2sanger_23,77.68836540931079,52.653724278201835
epigenomics_9793_sol2sanger_24,78.04926076885943,35.89807556882881
epigenomics_9793_sol2sanger_25,89.37372211408766,54.88659363069309
epigenomics_9793_sol2sanger_26,75.28932390471901,34.98774355376524
epigenomics_9793_sol2sanger_27,87.07756219558121,49.562137355020774
epigenomics_9793_sol2sanger_28,85.80741815137208,39.33514795788308
epigenomics_9793_sol2sanger_29,76.22968511788018,41.97233468207932
epigenomics_9793_sol2sanger_30,86.31180143271774,38.93246664923442
epigenomics_9793_sol2sanger_31,75.99115767712557,41.10985390629233
epigenomics_9793_sol2sanger_32,85.04816875838544,38.96111828360539
epigenomics_9793_sol2sanger_33,83.34590762902981,52.68690933458759
epigenomics_9793_sol2sanger_34,79.19522803497253,46.656416577596126
epigenomics_9793_sol2sanger_35,77.4709077591938,35.196850222930145
epigenomics_9793_sol2sanger_36,81.65444231809136,49.881586313856154
epigenomics_9793_sol2sanger_37,85.47348761458791,56.83961464417592
epigenomics_9793_sol2sanger_38,80.04279404857557,48.774890432403645
epigenomics_9793_sol2sanger_39,82.47802042944824,38.911140663740255
epigenomics_9793_sol2sanger_40,84.97450512418344,48.80271794953138
epigenomics_9793_sol2sanger_41,67.15826315436868,44.37639179970697
epigenomics_9793_sol2sanger_42,79.42299406603519,51.93750830897181
epigenomics_9793_sol2sanger_43,70.68653205362307,39.10633162991845
epigenomics_9793_sol2sanger_44,81.45938404093549,54.52023810062799
epigenomics_9793_sol2sanger_45,79.23980867408578,46.24543753232319
epigenomics_9793_sol2sanger_46,75.39166848179237,45.943752615156995
epigenomics_9793_sol2sanger_47,74.90386923169092,41.490118666734666
epigenomics_9793_sol2sanger_48,89.30113360132529,50.91152683253951
epigenomics_9793_sol2sanger_49,72.02132002444391,41.31636743439261
epigenomics_9793_sol2sanger_50,77.69272909376066,39.05477267266986
epigenomics_9793_sol2sanger_51,81.3103232830613,52.0942540417235
epigenomics_9793_sol2sanger_52,77.67238135800356,54.32037931561605
epigenomics_9793_sol2sanger_53,73.46625501459278,44.465178353683164
epigenomics_9793_sol2sanger_54,80.76681169825166,35.20125135394213
epigenomics_9793_sol2sanger_55,84.17627831866372,47.31001328449676
epigenomics_9793_sol2sanger_56,76.42831791545738,48.95086073510197
epigenomics_9793_sol2sanger_57,78.64137530429844,44.37616571807698
epigenomics_9793_sol2sanger_58,75.70700613292104,44.403631867627695
epigenomics_9793_sol2sanger_59,73.61070741171073,42.478152896007956
epigenomics_9793_sol2sanger_60,76.47253934492988,47.48010870351479
epigenomics_9793_sol2sanger_61,88.22068623501872,41.379251576418525
epigenomics_9793_sol2sanger_62,85.50606325278213,32.97663584360026
epigenomics_9793_sol2sanger_63,79.4814127283675,34.75540766819825
epigenomics_9793_sol2sanger_64,83.60554034742863,57.43917447567745
epigenomics_9793_sol2sanger_65,78.98186904631666,37.75079465109437
epigenomics_9793_sol2sanger_66,76.72205337500212,45.94290983355816
epigenomics_9793_sol2sanger_67,88.61116827865847,59.668704435769556
epigenomics_9793_sol2sanger_68,76.50247229105001,49.34463033516687
epigenomics_9793_sol2sanger_69,79.75545699497717,47.8441446311255
epigenomics_9793_sol2sanger_70,75.43999911612308,32.058667491101474
epigenomics_9793_sol2sanger_71,72.10155274023438,55.87107384635289
epigenomics_9793_sol2sanger_72,85.9765543167379,53.769011753685334
epigenomics_9793_sol2sanger_73,75.05646504686351,46.76572297186757
epigenomics_9793_sol2sanger_74,86.00081394253338,35.18784674075185
epigenomics_9793_sol2sanger_75,86.65192319153141,45.3805380754127
epigenomics_9793_sol2sanger_76,77.74742152923803,48.807058832046806
epigenomics_9793_sol2sanger_77,66.96070796280398,40.10606299821477
epigenomics_9793_sol2sanger_78,87.20211763265135,61.371353567147196
epigenomics_9793_sol2sanger_79,85.38911826536946,37.379536196642164
epigenomics_9793_sol2sanger_80,86.66657558453558,50.368108853449485
epigenomics_9793_sol2sanger_81,87.81090408208564,29.33000273297133
epigenomics_9793_sol2sanger_82,72.56634541740803,32.309421814138986
epigenomics_9793_sol2sanger_83,76.06596182206128,27.806328634391875
epigenomics_9793_sol2sanger_84,77.8875226387002,49.50019268515958
epigenomics_9793_sol2sanger_85,73.75810681612951,40.49134783499159
epigenomics_9793_sol2sanger_86,76.05625066577716,54.28251366674993
epigenomics_9793_sol2sanger_87,83.46904490348854,34.59490922019633
epigenomics_9793_sol2sanger_88,74.5228810571297,41.852941576967396
epigenomics_9793_sol2sanger_89,81.56656132227586,35.34136551138114
epigenomics_9793_sol2sanger_90,78.61757531316475,24.08221403977995
epigenomics_9793_sol2sanger_91,80.85340162456046,48.53320014394748
epigenomics_9793_sol2sanger_92,82.58187229721712,43.74672874483459
epigenomics_9793_sol2sanger_93,77.79249171882172,53.02147564721871
epigenomics_9793_sol2sanger_94,82.38313328774409,45.91804088842387
epigenomics_9793_sol2sanger_95,68.90689529963007,42.04700797922363
epigenomics_9793_sol2sanger_96,71.13430284127041,49.2058844073538
epigenomics_9793_sol2sanger_97,81.30434720549846,42.81224660831676
epigenomics_9793_sol2sanger_98,77.76057141739913,45.40089160918786
epigenomics_9793_sol2sanger_99,80.05584467002292,58.920469738597035
epigenomics_9793_sol2sanger_100,68.3608015597705,45.161580475135885
epigenomics_9793_sol2sanger_101,85.55702651100171,41.51097184619233
epigenomics_9793_sol2sanger_102,83.54238850045552,39.02264830307553
epigenomics_9793_sol2sanger_103,82.2090582724671,61.60856458069277
epigenomics_9793_sol2sanger_104,79.82874280258758,49.46640500684538
epigenomics_9793_sol2sanger_105,82.18435684923537,35.7162329387698
epigenomics_9793_sol2sanger_106,86.9973720465913,60.45226737624071
epigenomics_9793_sol2sanger_107,74.07710043793567,44.11175173955247
epigenomics_9793_sol2sanger_108,77.13120557264546,39.6359974145421
epigenomics_9793_sol2sanger_109,84.75433554961512,36.39185389768397
epigenomics_9793_sol2sanger_110,78.72634271151742,41.627544006392746
epigenomics_9793_sol2sanger_111,86.00620371151251,38.266527772023785
epigenomics_9793_sol2sanger_112,81.67234698466399,40.73930427102475
epigenomics_9793_sol2sanger_113,77.4758275255975,58.50770608906671
epigenomics_9793_sol2sanger_114,83.46276447134674,38.21386099387678
epigenomics_9793_sol2sanger_115,87.87474079889776,37.83172970056589
epigenomics_9793_sol2sanger_116,89.87323251552276,46.69703492692839
epigenomics_9793_sol2sanger_117,76.21052685362737,53.896550248788756
epigenomics_9793_sol2sanger_118,74.12929290172427,46.204243496574584
epigenomics_9793_sol2sanger_119,81.39077239534703,40.13674092290879
epigenomics_9793_sol2sanger_120,80.17399226515421,36.85338362660545
epigenomics_9793_sol2sanger_121,74.65429881498795,53.61427877975624
epigenomics_9793_sol2sanger_122,86.67427390083397,58.31428690285938
epigenomics_9793_sol2sanger_123,76.71666641665011,37.91732445115411
epigenomics_9793_sol2sanger_124,79.13221617077758,53.31296433045594
epigenomics_9793_sol2sanger_125,81.730326171542,35.0066330137619
epigenomics_9793_sol2sanger_126,82.02726578136308,33.7911758964316
epigenomics_9793_sol2sanger_127,76.97244401214081,38.403253297162976
epigenomics_9793_sol2sanger_128,87.32329857596305,17.972696667411867
epigenomics_9793_sol2sanger_129,79.34682152356923,45.51686840472216
epigenomics_9793_sol2sanger_130,84.97036092293828,56.57079494507763
epigenomics_9793_sol2sanger_131,90.00592759296462,52.74519268886698
epigenomics_9793_sol2sanger_132,79.28948101887259,42.4886404599354
epigenomics_9793_sol2sanger_133,88.11180184943528,49.80743882980792
epigenomics_9793_sol2sanger_134,79.43728219865484,47.17931498786951
epigenomics_9793_sol2sanger_135,78.78886419632181,35.694349954966476
epigenomics_9793_sol2sanger_136,82.84483767902196,37.49527884414802
epigenomics_9793_sol2sanger_137,80.24335222360052,44.169467564475624
epigenomics_9793_sol2sanger_138,74.75748845438126,30.227144654130452
epigenomics_9793_sol2sanger_139,87.92188053758166,44.548482954755784
epigenomics_9793_sol2sanger_140,81.42648234728014,49.03383080930391
epigenomics_9793_sol2sanger_141,80.76450310727274,50.70612510967217
epigenomics_9793_sol2sanger_142,91.5674895593167,45.01987332860609
epigenomics_9793_sol2sanger_143,78.63305704330223,56.440346345934984
epigenomics_9793_sol2sanger_144,81.22112414407557,37.08164643141343
epigenomics_9793_sol2sanger_145,73.02753889921277,53.58736477183892
epigenomics_9793_sol2sanger_146,80.81679984412303,52.20551384508141
epigenomics_9793_sol2sanger_147,79.73388766046288,44.8667235433183
epigenomics_9793_sol2sanger_148,69.73922367270472,39.04014259941232
epigenomics_9793_sol2sanger_149,81.23508123183043,55.331695124554194
epigenomics_9793_sol2sanger_150,87.45399881512044,49.007323947916056
epigenomics_9793_sol2sanger_151,70.96294028024892,48.667153666132364
epigenomics_9793_sol2sanger_152,79.2802101884078,54.585695586068624
epigenomics_9793_sol2sanger_153,74.87188372123092,52.39795098924647
epigenomics_9793_sol2sanger_154,75.12459374005968,40.00268723301866
epigenomics_9793_sol2sanger_155,79.43546088465573,32.55765060740685
epigenomics_9793_sol2sanger_156,84.92797658905005,46.13487073042951
epigenomics_9793_sol2sanger_157,77.3903946617152,50.50159193634605
epigenomics_9793_sol2sanger_158,81.4883628307062,52.79958860114077
epigenomics_9793_sol2sanger_159,75.43361264447506,32.83862404684732
epigenomics_9793_sol2sanger_160,73.9335038215132,41.4525589561005
epigenomics_9793_sol2sanger_161,84.10785311289565,45.625939994790244
epigenomics_9793_sol2sanger_162,84.53259591763239,28.602129352550612
epigenomics_9793_sol2sanger_163,77.16063397067526,52.66346580395742
epigenomics_9793_sol2sanger_164,74.12216058722942,48.58394321289935
epigenomics_9793_sol2sanger_165,79.4301225558492,44.00462407503748
epigenomics_9793_sol2sanger_166,78.06404297793166,32.448327856010145
epigenomics_9793_sol2sanger_167,82.34543065899743,48.43230334528519
epigenomics_9793_sol2sanger_168,80.70043638686323,48.404949547032075
epigenomics_9793_sol2sanger_169,75.82078796358407,44.693202130219206
epigenomics_9793_sol2sanger_170,73.59808333400167,41.120721461010206
epigenomics_9793_sol2sanger_171,82.44748627540696,55.64417460424743
epigenomics_9793_sol2sanger_172,76.03935325391454,44.81413481298673
epigenomics_9793_sol2sanger_173,78.61858471215736,46.60067656487689
epigenomics_9793_sol2sanger_174,78.73396627795182,55.39527472543697
epigenomics_9793_sol2sanger_175,80.66288001896105,29.475886856742555
epigenomics_9793_sol2sanger_176,76.20264776789368,39.14617788244532
epigenomics_9793_sol2sanger_177,83.69187661242557,48.4943869651797
epigenomics_9793_sol2sanger_178,80.83124399402918,32.87401014215487
epigenomics_9793_sol2sanger_179,83.05835984946536,51.81534364522314
epigenomics_9793_sol2sanger_180,83.55790997143063,51.447282987632704
epigenomics_9793_sol2sanger_181,75.5459564642599,36.72114686360288
epigenomics_9793_sol2sanger_182,84.15417623283187,51.83057788967492
epigenomics_9793_sol2sanger_183,71.25409551498367,33.86069609160403
epigenomics_9793_sol2sanger_184,74.07119299917872,54.1711733500669
epigenomics_9793_sol2sanger_185,77.36693821415084,46.60092228405497
epigenomics_9793_sol2sanger_186,69.0379229355762,43.21900149721617
epigenomics_9793_sol2sanger_187,81.23676081585745,43.327986202184086
epigenomics_9793_sol2sanger_188,76.87115048866808,45.71313188107626
epigenomics_9793_sol2sanger_189,85.66177171268474,52.84979254631044
epigenomics_9793_sol2sanger_190,84.20015310617681,43.43024880836254
epigenomics_9793_sol2sanger_191,84.02326480055592,53.397469282126124
epigenomics_9793_sol2sanger_192,77.97195050779314,43.27251092322078
epigenomics_9793_sol2sanger_193,80.13893676063712,39.630794830986254
epigenomics_9793_sol2sanger_194,83.67512028467767,55.42964213824547
epigenomics_9793_sol2sanger_195,87.8319091494503,39.13319175509243
epigenomics_9793_sol2sanger_196,87.70729038758748,54.02097295677252
epigenomics_9793_sol2sanger_197,83.290846898594,58.20745446850328
epigenomics_9793_sol2sanger_198,79.06052330570571,53.22915944185527
epigenomics_9793_sol2sanger_199,72.85104782947978,42.34486421635716
epigenomics_9793_sol2sanger_200,71.36162227664994,38.539152442505085
epigenomics_9793_sol2sanger_201,82.79161098038645,50.251450939227404
epigenomics_9793_sol2sanger_202,70.61269901041284,37.38644120965392
epigenomics_9793_sol2sanger_203,74.63804084149153,50.482937400404815
epigenomics_9793_sol2sanger_204,82.64685434987733,56.77963727937184
epigenomics_9793_sol2sanger_205,79.35786445886308,46.42198768288664
epigenomics_9793_sol2sanger_206,78.06003612584782,43.671948218630014
epigenomics_9793_sol2sanger_207,84.51853931310151,59.53609061026209
epigenomics_9793_sol2sanger_208,80.12605685095646,33.78195462382472
epigenomics_9793_sol2sanger_209,83.91058586140434,40.083218298797064
epigenomics_9793_sol2sanger_210,72.73562679965994,40.531415943976654
epigenomics_9793_sol2sanger_211,85.7918686885552,52.35499896457709
epigenomics_9793_sol2sanger_212,82.87396635987466,41.5129979232578
epigenomics_9793_sol2sanger_213,75.87662838999411,33.42227370068226
epigenomics_9793_sol2sanger_214,76.16089218788126,36.45946020121724
epigenomics_9793_sol2sanger_215,85.92348993899985,45.86543966161623
epigenomics_9793_sol2sanger_216,83.42638500751309,47.48142612986105
epigenomics_9793_sol2sanger_217,80.25404805014162,38.50192737316506
epigenomics_9793_sol2sanger_218,82.48641404888704,43.94400328661337
epigenomics_9793_sol2sanger_219,88.86741569679165,40.32951121596541
epigenomics_9793_sol2sanger_220,87.3412439227647,34.403547474294314
epigenomics_9793_sol2sanger_221,78.68072915291845,53.9838356913235
epigenomics_9793_sol2sanger_222,75.64176302742095,47.65559915128606
epigenomics_9793_sol2sanger_223,77.28870770095179,35.23825575511187
epigenomics_9793_sol2sanger_224,75.52456100822887,39.05967638615482
epigenomics_9793_sol2sanger_225,75.35429925763549,35.36347971126637
epigenomics_9793_sol2sanger_226,81.05263352885035,49.82498751490968
epigenomics_9793_sol2sanger_227,81.88150914636998,48.077456429529924
epigenomics_9793_sol2sanger_228,66.2997900974456,57.292060769071924
epigenomics_9793_sol2sanger_229,83.6096973964162,47.738693721783775
epigenomics_9793_sol2sanger_230,81.17620243176425,44.285469947047275
epigenomics_9793_sol2sanger_231,80.84526935770948,39.361356268620824
epigenomics_9793_sol2sanger_232,78.80025811469389,44.08595402272346
epigenomics_9793_sol2sanger_233,82.81091388292826,36.23088668905133
epigenomics_9793_sol2sanger_234,80.03405847348252,41.60970366734334
epigenomics_9793_sol2sanger_235,81.54915459077489,46.7696883829273
epigenomics_9793_sol2sanger_236,80.75933401179917,41.293596537123484
epigenomics_9793_sol2sanger_237,75.88636575202537,47.12534255759709
epigenomics_9793_sol2sanger_238,70.53634823210737,44.27471793823239
epigenomics_9793_sol2sanger_239,74.98363023156958,38.59634124723878
epigenomics_9793_sol2sanger_240,75.65783929293406,42.46789290733391
epigenomics_9793_sol2sanger_241,81.40747952099308,45.80947001982453
epigenomics_9793_sol2sanger_242,80.48500351177705,53.20018703126825
epigenomics_9793_sol2sanger_243,72.12793592775104,49.97148775434751
epigenomics_9793_sol2sanger_244,73.41094361958596,54.603754435764394
epigenomics_9793_sol2sanger_245,84.04219061138275,41.35050529878151
epigenomics_9793_sol2sanger_246,80.02763816191451,53.352649565669054
epigenomics_9793_sol2sanger_247,72.30935932609724,49.847063471847896
epigenomics_9793_sol2sanger_248,78.15170193603339,53.7100061482699
epigenomics_9793_sol2sanger_249,76.16159027726523,35.49405249967219
epigenomics_9793_sol2sanger_250,72.16148223239324,29.75515234419641
epigenomics_9793_sol2sanger_251,89.62164214129427,53.883912283531544
epigenomics_9793_sol2sanger_252,69.55712539561492,57.06685050802219
epigenomics_9793_sol2sanger_253,75.00095247084086,38.94304189473557
epigenomics_9793_sol2sanger_254,81.32176572425048,40.7381033479825
epigenomics_9793_sol2sanger_255,85.90163196404494,38.33349142187627
epigenomics_9793_sol2sanger_256,82.17639138645286,61.993767128215296
epigenomics_9793_sol2sanger_257,82.20752672548694,59.66544074137417
epigenomics_9793_sol2sanger_258,84.62241877022744,49.00815674594227
epigenomics_9793_sol2sanger_259,82.39689200194202,38.24710336756353
epigenomics_9793_sol2sanger_260,85.14714150231491,43.64464558084333
epigenomics_9793_sol2sanger_261,82.67320818944545,53.8791714424157
epigenomics_9793_sol2sanger_262,73.83920819442305,39.16973255330082
epigenomics_9793_sol2sanger_263,82.04601508976866,50.49268168702374
epigenomics_9793_sol2sanger_264,73.21234443145964,60.068334906915624
epigenomics_9793_sol2sanger_265,71.417207656075,57.7649455495515
epigenomics_9793_sol2sanger_266,85.16030722366843,45.97399345604363
epigenomics_9793_sol2sanger_267,76.7806823876127,38.069161762678014
epigenomics_9793_sol2sanger_268,89.59331704799342,36.35107360776443
epigenomics_9793_sol2sanger_269,90.28602805377044,49.96129708345165
epigenomics_9793_sol2sanger_270,77.43375192314777,40.03410318212787
epigenomics_9793_sol2sanger_271,79.42479832146991,58.303988481447206
epigenomics_9793_sol2sanger_272,80.49981363143385,39.65881978504389
epigenomics_9793_sol2sanger_273,81.53798079891577,35.90332767754792
epigenomics_9793_sol2sanger_274,80.91784342429357,40.82215936676616
epigenomics_9793_sol2sanger_275,86.46774765077477,53.59720427421554
epigenomics_9793_sol2sanger_276,86.57909206909858,60.3052273561846
epigenomics_9793_sol2sanger_277,84.60212037617046,48.19632807174143
epigenomics_9793_sol2sanger_278,75.24927168904743,54.94982368897914
epigenomics_9793_sol2sanger_279,79.5901965693626,61.96698894289882
epigenomics_9793_sol2sanger_280,92.24828772421418,43.82062814417047
epigenomics_9793_sol2sanger_281,83.62662565845781,47.638314931144066
epigenomics_9793_sol2sanger_282,82.52539664651518,51.853348508803975
epigenomics_9793_sol2sanger_283,81.274493688414,47.951486239945666
epigenomics_9793_sol2sanger_284,83.69321024526951,43.75228573292384
epigenomics_9793_sol2sanger_285,78.78162437903075,39.067599886588226
epigenomics_9793_sol2sanger_286,69.56636227254612,59.29353712734177
epigenomics_9793_sol2sanger_287,75.72843519384138,62.09434943283438
epigenomics_9793_sol2sanger_288,84.7087411582868,46.83759433526484
epigenomics_9793_sol2sanger_289,78.89306266060747,46.582842317060994
epigenomics_9793_sol2sanger_290,81.24334610753245,51.93303098019802
epigenomics_9793_sol2sanger_291,75.33233070681275,29.566198390064898
epigenomics_9793_sol2sanger_292,82.54013963764095,57.77275288978021
epigenomics_9793_sol2sanger_293,85.68746158395714,46.79524863652249
epigenomics_9793_sol2sanger_294,79.52322739247158,45.1493713769265
epigenomics_9793_sol2sanger_295,76.23154404981467,36.82168688403907
epigenomics_9793_sol2sanger_296,78.32489155463607,53.938741459696914
epigenomics_9793_sol2sanger_297,87.09873070688091,46.259626376562736
epigenomics_9793_sol2sanger_298,79.06111588824643,34.91105183825895
epigenomics_9793_sol2sanger_299,76.87198666247818,43.20998424227309
epigenomics_9793_sol2sanger_300,79.59453160877003,36.455443663830785
epigenomics_9793_sol2sanger_301,78.34338311883468,61.50736764700012
epigenomics_9793_sol2sanger_302,75.3531255986502,55.767623960062565
epigenomics_9793_sol2sanger_303,83.40305362639793,56.82712280237746
epigenomics_9793_sol2sanger_304,78.41016561434563,36.90620423490598
epigenomics_9793_sol2sanger_305,76.93963027925497,26.991910366204518
epigenomics_9793_sol2sanger_306,68.33768861186736,35.699796065343165
epigenomics_9793_sol2sanger_307,79.35386044552008,38.09056132597156
epigenomics_9793_sol2sanger_308,85.26878327207103,47.149627421568624
epigenomics_9793_sol2sanger_309,81.21093717795802,33.826819379440224
epigenomics_9793_sol2sanger_310,80.60612310187729,39.47733350678928
epigenomics_9793_sol2sanger_311,80.72306659495933,40.00084694647731
epigenomics_9793_sol2sanger_312,86.70579678487623,38.95954211433278
epigenomics_9793_sol2sanger_313,72.34937319662495,62.98101283216437
epigenomics_9793_sol2sanger_314,91.68425896699391,37.05732125999995
epigenomics_9793_sol2sanger_315,87.12537253754337,57.353334554074095
epigenomics_9793_sol2sanger_316,75.59126515231047,37.61631603367898
epigenomics_9793_sol2sanger_317,80.05279381567728,60.07802935460926
epigenomics_9793_sol2sanger_318,97.00095737037438,60.60477871906295
epigenomics_9793_sol2sanger_319,79.13494689653963,49.31818404924349
epigenomics_9793_sol2sanger_320,84.44432906167646,41.45160997163878
epigenomics_9793_sol2sanger_321,86.52695734542881,67.21370762455939
epigenomics_9793_sol2sanger_322,78.64805037553558,54.51708898255556
epigenomics_9793_sol2sanger_323,76.52815886663717,56.138998354355024
epigenomics_9793_sol2sanger_324,72.56313535949337,45.77042494182215
epigenomics_9793_sol2sanger_325,84.73941827524547,46.24846229046691
epigenomics_9793_sol2sanger_326,84.84305302880286,59.323575394449406
epigenomics_9793_sol2sanger_327,71.15493631806689,60.53026406145973
epigenomics_9793_sol2sanger_328,75.13760489316917,50.4078980213235
epigenomics_9793_sol2sanger_329,82.62039592606877,35.49976145029963
epigenomics_9793_sol2sanger_330,84.82827600786472,52.25626143839868
epigenomics_9793_sol2sanger_331,82.57641486070217,42.991022536160834
epigenomics_9793_sol2sanger_332,82.34934108652622,45.51079324179554
epigenomics_9793_sol2sanger_333,80.84225730844494,47.40278683921724
epigenomics_9793_sol2sanger_334,84.0128896985299,52.793714428218564
epigenomics_9793_sol2sanger_335,78.44920532283032,39.1975628819602
epigenomics_9793_sol2sanger_336,82.96020491321336,44.004537952103945
epigenomics_9793_sol2sanger_337,80.99651339482828,39.60318121576365
epigenomics_9793_sol2sanger_338,83.05125653915026,47.2880094526435
epigenomics_9793_sol2sanger_339,79.85522270189892,68.69712389898298
epigenomics_9793_sol2sanger_340,72.29566462080516,47.13963432718777
epigenomics_9793_sol2sanger_341,82.83952262169203,45.36244518910245
epigenomics_9793_sol2sanger_342,76.61670605457603,66.78714780256783
epigenomics_9793_sol2sanger_343,83.9092819996744,35.32571336608916
epigenomics_9793_sol2sanger_344,74.7318209584896,63.34678745647169
epigenomics_9793_sol2sanger_345,79.24667272386912,43.80688484493993
epigenomics_9793_sol2sanger_346,83.30895374387437,43.294269081725915
epigenomics_9793_sol2sanger_347,83.86837800337398,37.81132418123169
epigenomics_9793_sol2sanger_348,77.88748635646279,50.05025978377795
epigenomics_9793_sol2sanger_349,83.24150551949417,55.46980275008177
epigenomics_9793_sol2sanger_350,80.49991657415696,47.73053869720523
epigenomics_9793_sol2sanger_351,77.5608285978154,43.441106030851124
epigenomics_9793_sol2sanger_352,81.23786472762718,39.011846617129315
epigenomics_9793_sol2sanger_353,84.1029907034564,37.30848772933484
epigenomics_9793_sol2sanger_354,75.39949857120617,52.44192437405711
epigenomics_9793_sol2sanger_355,78.13367205400516,55.80834014353494
epigenomics_9793_sol2sanger_356,87.5639126783853,40.72265045979419
epigenomics_9793_sol2sanger_357,79.73363995730193,42.687962077401544
epigenomics_9793_sol2sanger_358,82.00226094152507,60.9746760988661
epigenomics_9793_sol2sanger_359,76.43661982060202,43.0320286637935
epigenomics_9793_sol2sanger_360,74.56564241142968,39.4561588735365
epigenomics_9793_sol2sanger_361,78.6064597031657,49.2568967275953
epigenomics_9793_sol2sanger_362,80.20950885435025,45.16360876752085
epigenomics_9793_sol2sanger_363,79.24367952697824,28.027004155422304
epigenomics_9793_sol2sanger_364,84.13873681871537,42.6525437856596
epigenomics_9793_sol2sanger_365,74.05804359196267,38.38868297165787
epigenomics_9793_sol2sanger_366,82.86337320243585,39.85246380338532
epigenomics_9793_sol2sanger_367,80.97433946457784,52.25557048904879
epigenomics_9793_sol2sanger_368,80.55016260396876,51.32166185479939
epigenomics_9793_sol2sanger_369,82.58976771713938,43.98961144918188
epigenomics_9793_sol2sanger_370,76.13371526603486,35.34542875180689
epigenomics_9793_sol2sanger_371,78.56663412510561,34.93075116010149
epigenomics_9793_sol2sanger_372,73.85189011806128,34.9617408684965
epigenomics_9793_sol2sanger_373,81.52478136660469,52.12222113564209
epigenomics_9793_sol2sanger_374,81.75014264851676,51.866689374824794
epigenomics_9793_sol2sanger_375,87.19944477583338,45.9175770453425
epigenomics_9793_sol2sanger_376,79.62526442502882,44.37231546151247
epigenomics_9793_sol2sanger_377,87.84530553248733,38.51272361764707
epigenomics_9793_sol2sanger_378,76.60585584044006,45.79442095532193
epigenomics_9793_sol2sanger_379,76.30972068601699,51.23369733485006
epigenomics_9793_sol2sanger_380,70.43839233381487,42.48052240956289
epigenomics_9793_sol2sanger_381,78.7948393851387,35.358862851758786
epigenomics_9793_sol2sanger_382,74.59579845388203,58.8540290590194
epigenomics_9793_sol2sanger_383,87.22890424519511,43.14585598853232
epigenomics_9793_sol2sanger_384,79.06559201262301,48.58180953936527
epigenomics_9793_sol2sanger_385,84.74275334884638,45.91337656610019
epigenomics_9793_sol2sanger_386,77.55243954870939,47.66590255667806
epigenomics_9793_sol2sanger_387,81.53554751659284,48.79751902469744
epigenomics_9793_sol2sanger_388,74.36868531119815,60.423295719139986
epigenomics_9793_sol2sanger_389,77.71045541101363,52.55029776483101
epigenomics_9793_sol2sanger_390,83.2717422358017,44.14826061061251
epigenomics_9793_sol2sanger_391,75.83414871774418,56.40590692360777
epigenomics_9793_sol2sanger_392,77.79138940860169,48.17607995889028
epigenomics_9793_sol2sanger_393,73.06577555811099,51.63440422798921
epigenomics_9793_sol2sanger_394,85.82045559975535,43.302465899675525
epigenomics_9793_sol2sanger_395,81.30101926532518,45.575340600165326
epigenomics_9793_sol2sanger_396,88.41937383229748,55.34929002207906
epigenomics_9793_sol2sanger_397,81.57454995101156,42.44770771814788
epigenomics_9793_sol2sanger_398,81.76987197770225,58.17255893014475
epigenomics_9793_sol2sanger_399,78.57436650237015,39.035827951231035
epigenomics_9793_sol2sanger_400,86.33424302533665,37.83374442607783
epigenomics_9793_sol2sanger_401,73.51044353390529,38.338482466929065
epigenomics_9793_sol2sanger_402,74.93582127765413,41.20501898043983
epigenomics_9793_sol2sanger_403,78.44135424885037,40.71692007535843
epigenomics_9793_sol2sanger_404,72.60523027130415,45.390469519030674
epigenomics_9793_sol2sanger_405,86.19064177021598,39.170397584890296
epigenomics_9793_sol2sanger_406,80.17112495549644,55.653076267461934
epigenomics_9793_sol2sanger_407,83.21250444912283,44.54511858222286
epigenomics_9793_sol2sanger_408,78.7659661904054,39.38239942114234
epigenomics_9793_sol2sanger_409,87.59525898586818,41.11975286713528
epigenomics_9793_sol2sanger_410,83.97185372271431,37.33355796592808
epigenomics_9793_sol2sanger_411,80.98344463617747,44.36764439004206
epigenomics_9793_sol2sanger_412,85.88024013491884,41.994719065903496
epigenomics_9793_sol2sanger_413,75.8567812953014,36.07698140278712
epigenomics_9793_sol2sanger_414,82.409151341193,56.02306789675363
epigenomics_9793_sol2sanger_415,78.79555658787106,29.947979531702018
epigenomics_9793_sol2sanger_416,84.85191672547369,47.00613647957668
epigenomics_9793_sol2sanger_417,78.92945387454579,54.31318427158432
epigenomics_9793_sol2sanger_418,78.55377707728867,46.047598879181
epigenomics_9793_sol2sanger_419,82.97561622074639,54.45730109690526
epigenomics_9793_sol2sanger_420,84.58415166671907,47.25998554642783
epigenomics_9793_sol2sanger_421,85.38906342409949,43.6553869619514
epigenomics_9793_sol2sanger_422,73.81932603488173,53.66101940948401
epigenomics_9793_sol2sanger_423,76.89987942024051,47.61068204008339
epigenomics_9793_sol2sanger_424,81.3898862112271,41.46216662355927
epigenomics_9793_sol2sanger_425,82.41662169880038,53.73877402080801
epigenomics_9793_sol2sanger_426,80.23860040785279,32.02238889148428
epigenomics_9793_sol2sanger_427,77.10688815374591,33.538494751353795
epigenomics_9793_sol2sanger_428,86.66780368197439,39.11398761678257
epigenomics_9793_sol2sanger_429,74.66298648093029,47.88312792829719
epigenomics_9793_sol2sanger_430,76.4155991288263,52.22834267031232
epigenomics_9793_sol2sanger_431,80.56614164908225,39.38445828271544
epigenomics_9793_sol2sanger_432,78.35017629485156,64.85556430620771
epigenomics_9793_sol2sanger_433,63.887132238831626,46.238337767093356
epigenomics_9793_sol2sanger_434,83.6462324944509,58.48130029251719
epigenomics_9793_sol2sanger_435,74.64297817719506,44.596601069034165
epigenomics_9793_sol2sanger_436,81.94306536718105,42.504463430107705
epigenomics_9793_sol2sanger_437,77.9494411747387,46.25283574367579
epigenomics_9793_sol2sanger_438,77.77639734359742,54.455078722276994
epigenomics_9793_sol2sanger_439,81.00804118060861,39.54905916170129
epigenomics_9793_sol2sanger_440,77.38580023030298,29.211977843954713
epigenomics_9793_sol2sanger_441,78.77009047212607,27.843337833663174
epigenomics_9793_sol2sanger_442,72.78238659692192,60.597690259226994
epigenomics_9793_sol2sanger_443,80.77177180483544,42.6055913633592
epigenomics_9793_sol2sanger_444,87.15642876095121,42.04100180922819
epigenomics_9793_sol2sanger_445,78.50870069659157,40.4889417766225
epigenomics_9793_sol2sanger_446,75.97696963535904,46.192171506753205
epigenomics_9793_sol2sanger_447,76.13426062387148,38.901867083681225
epigenomics_9793_sol2sanger_448,81.64827936484338,47.10194927466492
epigenomics_9793_sol2sanger_449,86.19588764245265,37.919993685165345
epigenomics_9793_sol2sanger_450,79.20490726910604,51.94120939743964
epigenomics_9793_sol2sanger_451,78.74975662451136,40.701941608742
epigenomics_9793_sol2sanger_452,72.19699772067673,42.854085335522385
epigenomics_9793_sol2sanger_453,76.04983896112262,39.39062586112983
epigenomics_9793_sol2sanger_454,77.30244469163127,44.213685918742215
epigenomics_9793_sol2sanger_455,72.16600572760613,46.03667932786413
epigenomics_9793_sol2sanger_456,94.09941819603007,52.348896636755875
epigenomics_9793_sol2sanger_457,86.38707554702728,49.792207031160395
epigenomics_9793_sol2sanger_458,86.44362052741536,44.78231031022826
epigenomics_9793_sol2sanger_459,76.14964504833364,27.143821718751358
epigenomics_9793_sol2sanger_460,81.34396371541555,46.132628758381
epigenomics_9793_sol2sanger_461,77.2357504209353,43.23019410270515
epigenomics_9793_sol2sanger_462,72.54162976752026,49.55191328402279
epigenomics_9793_sol2sanger_463,81.7550971475796,47.03799192219466
epigenomics_9793_sol2sanger_464,87.88441076476266,45.200964363031225
epigenomics_9793_sol2sanger_465,77.17205259228368,34.32920583840089
epigenomics_9793_sol2sanger_466,82.93983454924924,45.44427204309714
epigenomics_9793_sol2sanger_467,93.14001357947886,53.94498066637221
epigenomics_9793_sol2sanger_468,80.94529701419187,46.12145758657763
epigenomics_9793_sol2sanger_469,75.04207870450522,49.182796072559356
epigenomics_9793_sol2sanger_470,76.09074580400838,35.43249761616658
epigenomics_9793_sol2sanger_471,79.72430574683221,39.97321390802881
epigenomics_9793_sol2sanger_472,80.24303908745883,51.36824587537983
epigenomics_9793_sol2sanger_473,77.96002444788023,43.67284314309549
epigenomics_9793_sol2sanger_474,82.81146786421375,47.95841904835616
epigenomics_9793_sol2sanger_475,77.0724935269122,44.825395059342675
epigenomics_9793_sol2sanger_476,76.53343335135193,45.93496541207024
epigenomics_9793_sol2sanger_477,80.23352284475591,54.366804920574744
epigenomics_9793_sol2sanger_478,77.12004502847385,46.38662960587395
epigenomics_9793_sol2sanger_479,80.90955873680569,35.76481833423544
epigenomics_9793_sol2sanger_480,75.3413678763338,45.470258841605535
epigenomics_9793_sol2sanger_481,73.44193568155147,42.034146243510676
epigenomics_9793_sol2sanger_482,71.52652622050479,33.14025186386294
epigenomics_9793_sol2sanger_483,83.48053340067992,40.52353650005799
epigenomics_9793_sol2sanger_484,70.8685908741389,44.886032642743956
epigenomics_9793_sol2sanger_485,83.63953467058502,42.88890734523117
epigenomics_9793_sol2sanger_486,81.75030933066438,53.623120835824395
epigenomics_9793_sol2sanger_487,80.715017850832,39.13935369076427
epigenomics_9793_sol2sanger_488,77.24699182912796,50.051975240083195
epigenomics_9793_sol2sanger_489,86.72480519842225,29.326667783141218
epigenomics_9793_sol2sanger_490,84.44518186216936,45.39002959028884
epigenomics_9793_sol2sanger_491,79.97742922240928,42.6117053831987
epigenomics_9793_sol2sanger_492,75.68022587550675,43.905909776963135
epigenomics_9793_sol2sanger_493,84.90324725983619,58.18007493628193
epigenomics_9793_sol2sanger_494,80.54230942525659,28.65543451628429
epigenomics_9793_sol2sanger_495,77.39726235704839,41.243792317927124
epigenomics_9793_sol2sanger_496,77.24597978555501,60.82200244883542
epigenomics_9793_sol2sanger_497,78.8617440096994,34.04617679886242
epigenomics_9793_sol2sanger_498,81.79458672149678,60.92445300722265
epigenomics_9793_sol2sanger_499,87.03111087221231,37.54690129792043
epigenomics_9793_fast2bfq_0,33.177720448173474,80.28371067571166
epigenomics_9793_fast2bfq_1,41.50121981019255,79.44991184759013
epigenomics_9793_fast2bfq_2,42.14411526585214,82.69931507748228
epigenomics_9793_fast2bfq_3,43.99376503328723,83.91524596403329
epigenomics_9793_fast2bfq_4,56.35192784361446,90.39237882377424
epigenomics_9793_fast2bfq_5,40.92892357821314,99.44084592799909
epigenomics_9793_fast2bfq_6,36.13629184062091,80.36989192318951
epigenomics_9793_fast2bfq_7,42.1746177722161,86.31665162029006
epigenomics_9793_fast2bfq_8,54.71003953193685,75.21304243011998
epigenomics_9793_fast2bfq_9,45.12119460917873,92.19089909765725
epigenomics_9793_fast2bfq_10,48.5878430654734,91.45226341303346
epigenomics_9793_fast2bfq_11,38.166873273736286,88.2694961832955
epigenomics_9793_fast2bfq_12,45.54813684491919,88.12650219098084
epigenomics_9793_fast2bfq_13,42.809002783125294,83.42628462893602
epigenomics_9793_fast2bfq_14,50.983480131927145,80.38617879933393
epigenomics_9793_fast2bfq_15,53.782885287447805,91.08931726973512
epigenomics_9793_fast2bfq_16,35.86649813982209,80.68573431617202
epigenomics_9793_fast2bfq_17,47.578782615784036,79.51188357724575
epigenomics_9793_fast2bfq_18,37.35203406503017,84.48712342892276
epigenomics_9793_fast2bfq_19,41.3931699455371,82.2663179038669
epigenomics_9793_fast2bfq_20,30.89331408468704,79.54535214868645
epigenomics_9793_fast2bfq_21,44.77316332116982,71.55575544742928
epigenomics_9793_fast2bfq_22,53.70572882979292,83.8852412255267
epigenomics_9793_fast2bfq_23,44.54352912728506,73.54096851442523
epigenomics_9793_fast2bfq_24,43.55763703313616,79.5444889851846
epigenomics_9793_fast2bfq_25,53.5306239100359,76.15776653028476
epigenomics_9793_fast2bfq_26,46.165620210473044,76.43851507845557
epigenomics_9793_fast2bfq_27,53.729449424653204,81.72557006818964
epigenomics_9793_fast2bfq_28,42.79728296228086,75.17526937244786
epigenomics_9793_fast2bfq_29,46.62663937741812,94.67098731257742
epigenomics_9793_fast2bfq_30,58.62699965022278,75.73260208145935
epigenomics_9793_fast2bfq_31,47.41829910183529,78.90469975036893
epigenomics_9793_fast2bfq_32,42.18266676457881,77.82910455892818
epigenomics_9793_fast2bfq_33,61.80624470177341,71.42639688418156
epigenomics_9793_fast2bfq_34,57.13703576892638,74.87839905334654
epigenomics_9793_fast2bfq_35,47.83541421010228,83.81247812558668
epigenomics_9793_fast2bfq_36,57.62292901426373,72.96606020743417
epigenomics_9793_fast2bfq_37,40.69905316581831,74.67265331469379
epigenomics_9793_fast2bfq_38,54.87398202921082,76.3983273480528
epigenomics_9793_fast2bfq_39,42.82378882038432,82.08076446554824
epigenomics_9793_fast2bfq_40,43.154452982107635,73.43699054896432
epigenomics_9793_fast2bfq_41,34.46468518951858,85.16066258843638
epigenomics_9793_fast2bfq_42,52.47393696897257,83.42605938405727
epigenomics_9793_fast2bfq_43,38.33843042983056,81.99141710123071
epigenomics_9793_fast2bfq_44,51.508787268084674,76.3485600075443
epigenomics_9793_fast2bfq_45,54.33158079639571,86.72769202015644
epigenomics_9793_fast2bfq_46,54.01517897471173,73.0180017449943
epigenomics_9793_fast2bfq_47,45.08416354758893,91.3832025355225
epigenomics_9793_fast2bfq_48,46.27772013181206,77.56953453301821
epigenomics_9793_fast2bfq_49,38.49998032601507,82.25791879922524
epigenomics_9793_fast2bfq_50,35.84899928703066,83.28166926570188
epigenomics_9793_fast2bfq_51,40.297577244989085,81.90759043248909
epigenomics_9793_fast2bfq_52,43.53562304461438,85.89493637698575
epigenomics_9793_fast2bfq_53,58.89411024908787,63.84544758797291
epigenomics_9793_fast2bfq_54,44.904729661059754,88.68470734531698
epigenomics_9793_fast2bfq_55,48.98461191399115,64.24499857251674
epigenomics_9793_fast2bfq_56,57.23910978004247,93.92022116088023
epigenomics_9793_fast2bfq_57,51.05605386233602,69.51121122755018
epigenomics_9793_fast2bfq_58,49.97931173050315,71.59733464014997
epigenomics_9793_fast2bfq_59,46.74880537739945,94.55221419755695
epigenomics_9793_fast2bfq_60,35.83278829586308,89.69178738988475
epigenomics_9793_fast2bfq_61,45.09119562157797,79.92131261608012
epigenomics_9793_fast2bfq_62,47.56411870152273,84.28589513729355
epigenomics_9793_fast2bfq_63,43.72541808425692,81.75438342548101
epigenomics_9793_fast2bfq_64,48.070274224417744,83.04052662306677
epigenomics_9793_fast2bfq_65,34.4059499221016,74.06541211381828
epigenomics_9793_fast2bfq_66,57.014990886322025,73.0794073549961
epigenomics_9793_fast2bfq_67,52.89101167496605,81.47307767183905
epigenomics_9793_fast2bfq_68,38.26867445432964,81.15393574300133
epigenomics_9793_fast2bfq_69,47.677283858148215,70.5463067918312
epigenomics_9793_fast2bfq_70,61.15751431313872,80.47122929169963
epigenomics_9793_fast2bfq_71,55.744845475466306,73.66533156203515
epigenomics_9793_fast2bfq_72,47.25401721661893,82.52556338546776
epigenomics_9793_fast2bfq_73,42.20426571197597,84.11749197839852
epigenomics_9793_fast2bfq_74,28.424837734965767,77.64092607978006
epigenomics_9793_fast2bfq_75,50.93947640185887,83.62880465768664
epigenomics_9793_fast2bfq_76,36.56140810380879,83.40015566180065
epigenomics_9793_fast2bfq_77,39.49900971613616,87.02278834415232
epigenomics_9793_fast2bfq_78,46.956252557076496,80.38764838818776
epigenomics_9793_fast2bfq_79,37.7782874838728,80.32872264440013
epigenomics_9793_fast2bfq_80,37.98647359615647,72.805964696205
epigenomics_9793_fast2bfq_81,45.50500149664037,78.88369272090736
epigenomics_9793_fast2bfq_82,52.061470045938016,80.49555847518627
epigenomics_9793_fast2bfq_83,48.993095291458445,82.00485539667743
epigenomics_9793_fast2bfq_84,42.078236854731266,90.48807369936489
epigenomics_9793_fast2bfq_85,47.51265888827174,79.19459600047368
epigenomics_9793_fast2bfq_86,48.29464586748297,85.62878894105957
epigenomics_9793_fast2bfq_87,47.3237826691841,71.59490304317842
epigenomics_9793_fast2bfq_88,65.14796707310276,84.18643406820436
epigenomics_9793_fast2bfq_89,41.482585472527354,73.22234363540727
epigenomics_9793_fast2bfq_90,54.66123808172818,77.06110197432393
epigenomics_9793_fast2bfq_91,49.50187491424598,74.30989814528473
epigenomics_9793_fast2bfq_92,30.31640494515684,77.46492031366591
epigenomics_9793_fast2bfq_93,48.93055046814478,77.15176228139305
epigenomics_9793_fast2bfq_94,54.36281560092996,82.16885640946504
epigenomics_9793_fast2bfq_95,43.81071395171153,84.75433283978396
epigenomics_9793_fast2bfq_96,27.68154588613962,85.85266583777394
epigenomics_9793_fast2bfq_97,44.593406900046716,76.12976213125602
epigenomics_9793_fast2bfq_98,37.04279501866384,68.94851204583962
epigenomics_9793_fast2bfq_99,55.02440868053053,77.12556078466568
epigenomics_9793_fast2bfq_100,46.85618487488442,92.30043966994091
epigenomics_9793_fast2bfq_101,38.83951354009774,79.2111532404997
epigenomics_9793_fast2bfq_102,51.63732379808525,81.96390729783315
epigenomics_9793_fast2bfq_103,51.998577628810665,73.15710946649538
epigenomics_9793_fast2bfq_104,41.93732057512245,75.27643787028714
epigenomics_9793_fast2bfq_105,48.09497930013373,68.23365258064572
epigenomics_9793_fast2bfq_106,38.12040179910061,68.86261889180003
epigenomics_9793_fast2bfq_107,46.40823978789485,70.68913963436059
epigenomics_9793_fast2bfq_108,50.71068159339745,79.13568392205524
epigenomics_9793_fast2bfq_109,45.05956360729886,71.43611461069429
epigenomics_9793_fast2bfq_110,53.11394826662727,88.96781815300655
epigenomics_9793_fast2bfq_111,45.15780749976064,91.9139938500527
epigenomics_9793_fast2bfq_112,56.26411199301063,85.35425018413476
epigenomics_9793_fast2bfq_113,38.8922758344056,76.6039629404507
epigenomics_9793_fast2bfq_114,39.90340233735754,80.33905368051502
epigenomics_9793_fast2bfq_115,31.668254128445625,83.40799523499255
epigenomics_9793_fast2bfq_116,37.167590551273406,88.39507894700873
epigenomics_9793_fast2bfq_117,44.33568184223917,91.86986821005183
epigenomics_9793_fast2bfq_118,48.82250869164188,80.93688322035574
epigenomics_9793_fast2bfq_119,40.80612711263245,86.31672198213657
epigenomics_9793_fast2bfq_120,37.45327600343257,68.6214204201512
epigenomics_9793_fast2bfq_121,37.054949450546445,79.84858383909551
epigenomics_9793_fast2bfq_122,58.19158025573459,73.57053118112037
epigenomics_9793_fast2bfq_123,45.821912685727476,93.00777871068443
epigenomics_9793_fast2bfq_124,44.83621982665836,80.43655891523052
epigenomics_9793_fast2bfq_125,45.18311465059196,86.96738410955251
epigenomics_9793_fast2bfq_126,36.09879228339061,88.14861913777665
epigenomics_9793_fast2bfq_127,49.725092951239155,78.75519027174732
epigenomics_9793_fast2bfq_128,38.21015944947732,73.18811038179932
epigenomics_9793_fast2bfq_129,52.3132588765711,70.10395109880989
epigenomics_9793_fast2bfq_130,50.57444214892029,86.42496589132763
epigenomics_9793_fast2bfq_131,31.109468893048913,77.77683395424367
epigenomics_9793_fast2bfq_132,39.0804635911821,76.06880860213248
epigenomics_9793_fast2bfq_133,38.47637441262488,74.17473589816733
epigenomics_9793_fast2bfq_134,37.24346686180279,87.80408962144176
epigenomics_9793_fast2bfq_135,36.02129756942802,82.61754192931943
epigenomics_9793_fast2bfq_136,53.96008820804328,85.22871819425296
epigenomics_9793_fast2bfq_137,48.074325808554484,80.88399820220181
epigenomics_9793_fast2bfq_138,40.82846383482536,85.0966981649907
epigenomics_9793_fast2bfq_139,44.99459098961286,74.81940887263701
epigenomics_9793_fast2bfq_140,55.951890874360316,79.30888155279311
epigenomics_9793_fast2bfq_141,45.70385028157585,86.83543463866633
epigenomics_9793_fast2bfq_142,50.095600164866745,89.54225607478703
epigenomics_9793_fast2bfq_143,32.588976467288944,92.16654378752712
epigenomics_9793_fast2bfq_144,33.96898898264119,71.08300462977091
epigenomics_9793_fast2bfq_145,42.524190856857764,75.65894196362692
epigenomics_9793_fast2bfq_146,39.41556528950767,69.0638014491695
epigenomics_9793_fast2bfq_147,57.8543997293965,76.16029330008672
epigenomics_9793_fast2bfq_148,31.60664299235412,78.45526110309636
epigenomics_9793_fast2bfq_149,54.807453654994234,69.74133416734918
epigenomics_9793_fast2bfq_150,39.69145800833177,73.92769876635433
epigenomics_9793_fast2bfq_151,46.544726529552634,69.85920320943788
epigenomics_9793_fast2bfq_152,41.77261635028433,79.49192831837425
epigenomics_9793_fast2bfq_153,40.694944468138374,71.78545574271573
epigenomics_9793_fast2bfq_154,31.82718409006513,90.64889672745515
epigenomics_9793_fast2bfq_155,37.94012872483928,72.64470980830774
epigenomics_9793_fast2bfq_156,40.46442556377429,74.36435188117446
epigenomics_9793_fast2bfq_157,45.138737297945255,79.37291749217773
epigenomics_9793_fast2bfq_158,44.39278738937551,80.29593463431017
epigenomics_9793_fast2bfq_159,38.989143841099995,77.39545743516896
epigenomics_9793_fast2bfq_160,40.26627679629086,82.16116117548873
epigenomics_9793_fast2bfq_161,56.80798534277942,62.0118583934779
epigenomics_9793_fast2bfq_162,46.88288551532331,76.14957570898945
epigenomics_9793_fast2bfq_163,46.43574926459088,93.09898198683146
epigenomics_9793_fast2bfq_164,39.112174877708576,74.37572167311848
epigenomics_9793_fast2bfq_165,47.83966205709856,88.59052678293365
epigenomics_9793_fast2bfq_166,44.93320209228652,79.83889582327238
epigenomics_9793_fast2bfq_167,51.60266748151496,81.29788533115145
epigenomics_9793_fast2bfq_168,53.38781759908262,75.07311361300543
epigenomics_9793_fast2bfq_169,45.35351375374926,90.27306527758509
epigenomics_9793_fast2bfq_170,43.24905832393079,77.40183506941494
epigenomics_9793_fast2bfq_171,46.28486021574745,81.35106463247595
epigenomics_9793_fast2bfq_172,59.292377960859014,74.09390833032955
epigenomics_9793_fast2bfq_173,38.57915555455942,66.19044479602253
epigenomics_9793_fast2bfq_174,46.03051738774703,76.39052810143434
epigenomics_9793_fast2bfq_175,36.59667318556554,82.73852468629057
epigenomics_9793_fast2bfq_176,51.09806100113916,77.43815604607443
epigenomics_9793_fast2bfq_177,36.26312429088391,77.07785226085791
epigenomics_9793_fast2bfq_178,42.967489691469744,76.70022827051423
epigenomics_9793_fast2bfq_179,46.20646810277057,78.19985335619025
epigenomics_9793_fast2bfq_180,53.303114191504825,74.20579948622084
epigenomics_9793_fast2bfq_181,34.63643034634664,83.15590312889628
epigenomics_9793_fast2bfq_182,49.71242124115814,73.39198626997286
epigenomics_9793_fast2bfq_183,38.27285378101828,87.77801554866272
epigenomics_9793_fast2bfq_184,52.5144684304982,87.17940464919427
epigenomics_9793_fast2bfq_185,58.435580682880875,90.72192316454196
epigenomics_9793_fast2bfq_186,56.02605150582108,81.521475260204
epigenomics_9793_fast2bfq_187,35.65929835748062,100.74580248065561
epigenomics_9793_fast2bfq_188,39.64548650991821,67.48958206724994
epigenomics_9793_fast2bfq_189,41.72174140028035,89.83094002924679
epigenomics_9793_fast2bfq_190,53.079168008703874,77.86163918147906
epigenomics_9793_fast2bfq_191,49.30270647943196,86.06148455225518
epigenomics_9793_fast2bfq_192,49.965502977350184,74.66341321426083
epigenomics_9793_fast2bfq_193,36.013755610429,78.00870623434373
epigenomics_9793_fast2bfq_194,35.58009205122795,81.20074937602769
epigenomics_9793_fast2bfq_195,42.91905737447672,81.69972007042001
epigenomics_9793_fast2bfq_196,52.56255696844212,89.67989998186422
epigenomics_9793_fast2bfq_197,43.20005649199824,76.79442214336581
epigenomics_9793_fast2bfq_198,37.70338285632891,88.76159940671731
epigenomics_9793_fast2bfq_199,61.05953944939316,74.61293365168336
epigenomics_9793_fast2bfq_200,41.15316478641859,82.85185379592008
epigenomics_9793_fast2bfq_201,45.922977487322605,80.86935770470909
epigenomics_9793_fast2bfq_202,50.26771534968775,70.24642495375709
epigenomics_9793_fast2bfq_203,50.53155331082261,81.0321548766216
epigenomics_9793_fast2bfq_204,44.87553261635852,74.64976302288214
epigenomics_9793_fast2bfq_205,55.85853281928953,82.76458496334503
epigenomics_9793_fast2bfq_206,49.84419341138458,88.1362898219771
epigenomics_9793_fast2bfq_207,56.62219122040306,70.38926356654193
epigenomics_9793_fast2bfq_208,49.405297588743146,88.80106736925829
epigenomics_9793_fast2bfq_209,49.510008717399835,86.70814497442676
epigenomics_9793_fast2bfq_210,33.67399716625759,88.40129371424048
epigenomics_9793_fast2bfq_211,45.25872765314812,85.47684810658997
epigenomics_9793_fast2bfq_212,37.72583642214779,74.28934822296713
epigenomics_9793_fast2bfq_213,43.54888981721893,88.35705968334027
epigenomics_9793_fast2bfq_214,54.20327357870485,77.63128168349894
epigenomics_9793_fast2bfq_215,37.97656044257614,79.50706443102474
epigenomics_9793_fast2bfq_216,38.51124476752631,88.00454040587121
epigenomics_9793_fast2bfq_217,49.927636937559036,92.93843350595317
epigenomics_9793_fast2bfq_218,44.70132627124583,83.04344419316406
epigenomics_9793_fast2bfq_219,38.13653898672465,68.63020101863829
epigenomics_9793_fast2bfq_220,48.93079042265681,80.77065240924027
epigenomics_9793_fast2bfq_221,54.2365985586918,74.81823749403122
epigenomics_9793_fast2bfq_222,35.75563608054883,76.85919976731635
epigenomics_9793_fast2bfq_223,48.915009937540184,98.37063615494796
epigenomics_9793_fast2bfq_224,52.276450111253055,89.99658130595074
epigenomics_9793_fast2bfq_225,49.96044012843185,80.58509467587508
epigenomics_9793_fast2bfq_226,52.14588452093624,67.1515068576786
epigenomics_9793_fast2bfq_227,44.17785483395195,72.7248990632472
epigenomics_9793_fast2bfq_228,58.75314587337436,74.65126885481965
epigenomics_9793_fast2bfq_229,38.31237357227148,88.36538306188754
epigenomics_9793_fast2bfq_230,48.08583420411752,85.39720623689446
epigenomics_9793_fast2bfq_231,49.26145946774676,85.98077346003672
epigenomics_9793_fast2bfq_232,31.6044588256405,83.47367061435557
epigenomics_9793_fast2bfq_233,45.028398196311926,83.90968895018325
epigenomics_9793_fast2bfq_234,52.19838018260001,75.81647247028526
epigenomics_9793_fast2bfq_235,36.0545446800932,80.26782160382548
epigenomics_9793_fast2bfq_236,28.303551560745653,87.10644943596733
epigenomics_9793_fast2bfq_237,50.240434877045296,75.51680621207687
epigenomics_9793_fast2bfq_238,46.90107939215018,92.90232708654639
epigenomics_9793_fast2bfq_239,45.97993387040589,81.39725568619556
epigenomics_9793_fast2bfq_240,48.73573071998626,70.07397191971312
epigenomics_9793_fast2bfq_241,51.50027643554148,82.1171290937853
epigenomics_9793_fast2bfq_242,50.0739825373452,77.3869380651461
epigenomics_9793_fast2bfq_243,50.75419942705702,81.64232179204448
epigenomics_9793_fast2bfq_244,58.551848654182024,91.89044264234042
epigenomics_9793_fast2bfq_245,49.744192661041666,84.4531912019079
epigenomics_9793_fast2bfq_246,48.196369846223085,62.60091853701398
epigenomics_9793_fast2bfq_247,54.039936109426634,84.48329248847972
epigenomics_9793_fast2bfq_248,51.69873319451224,83.6830276372842
epigenomics_9793_fast2bfq_249,54.48594919722408,86.26148787018936
epigenomics_9793_fast2bfq_250,46.11807899951919,81.27915193695743
epigenomics_9793_fast2bfq_251,47.187108288760655,67.49960568591243
epigenomics_9793_fast2bfq_252,50.0075200152877,77.8667283516938
epigenomics_9793_fast2bfq_253,48.37136872002688,98.35811420505854
epigenomics_9793_fast2bfq_254,51.41934001251294,78.20260848470794
epigenomics_9793_fast2bfq_255,51.3111797011923,77.62690839644031
epigenomics_9793_fast2bfq_256,34.96194020068697,87.36069111069014
epigenomics_9793_fast2bfq_257,47.1943873898368,77.08743686855915
epigenomics_9793_fast2bfq_258,53.67399051759989,81.8983071484012
epigenomics_9793_fast2bfq_259,37.571691590500514,75.989379739303
epigenomics_9793_fast2bfq_260,29.566404786772093,91.06056580710325
epigenomics_9793_fast2bfq_261,38.41355060118918,91.7423756214838
epigenomics_9793_fast2bfq_262,51.4489420813933,77.2519550968521
epigenomics_9793_fast2bfq_263,48.88573522772028,73.84652565264562
epigenomics_9793_fast2bfq_264,50.13372979891366,87.20992606871656
epigenomics_9793_fast2bfq_265,36.88482674356753,86.30384274187037
epigenomics_9793_fast2bfq_266,61.84354941248975,84.30862090781181
epigenomics_9793_fast2bfq_267,38.36694220006662,77.82373971481826
epigenomics_9793_fast2bfq_268,40.45727080912747,106.92405591705752
epigenomics_9793_fast2bfq_269,50.718775486363754,66.93142773441478
epigenomics_9793_fast2bfq_270,33.24230695367709,79.40026853969123
epigenomics_9793_fast2bfq_271,44.453351198314834,74.42183148271751
epigenomics_9793_fast2bfq_272,43.78006085938077,87.38532000022603
epigenomics_9793_fast2bfq_273,43.15392853619444,69.50769440557549
epigenomics_9793_fast2bfq_274,32.33016996561962,62.92493259182669
epigenomics_9793_fast2bfq_275,36.13246139059228,75.48620925284523
epigenomics_9793_fast2bfq_276,44.25507481909119,75.9060700568965
epigenomics_9793_fast2bfq_277,47.03672507384029,82.6562619494594
epigenomics_9793_fast2bfq_278,54.43653139908484,80.50595866431765
epigenomics_9793_fast2bfq_279,34.806682254342846,83.57418910500449
epigenomics_9793_fast2bfq_280,53.17902719337138,76.52854195394501
epigenomics_9793_fast2bfq_281,48.773025271716364,86.46031676216477
epigenomics_9793_fast2bfq_282,41.37749031828084,79.76296555189784
epigenomics_9793_fast2bfq_283,48.85486080165812,82.39581038468
epigenomics_9793_fast2bfq_284,40.741357899433616,78.18625979879377
epigenomics_9793_fast2bfq_285,44.891531856525766,80.62061296434963
epigenomics_9793_fast2bfq_286,52.15040802265386,82.75768742999125
epigenomics_9793_fast2bfq_287,43.43446255167542,77.29379457487433
epigenomics_9793_fast2bfq_288,44.01573849096258,87.58372302690636
epigenomics_9793_fast2bfq_289,35.966081426194776,86.91300232627869
epigenomics_9793_fast2bfq_290,42.82487512158219,99.86491238459887
epigenomics_9793_fast2bfq_291,35.348160144367846,89.00876069861008
epigenomics_9793_fast2bfq_292,39.09395323066012,62.068341464186204
epigenomics_9793_fast2bfq_293,38.925268898471025,77.54308288517429
epigenomics_9793_fast2bfq_294,49.99827844320061,74.16054970165327
epigenomics_9793_fast2bfq_295,50.73160659399454,93.69592405655379
epigenomics_9793_fast2bfq_296,58.55144599215303,75.73064537129541
epigenomics_9793_fast2bfq_297,55.58192673114398,83.90625009517998
epigenomics_9793_fast2bfq_298,50.135530028979105,77.95380252593357
epigenomics_9793_fast2bfq_299,49.35303497380472,91.16092604613166
epigenomics_9793_fast2bfq_300,47.47473442275466,82.1033978430035
epigenomics_9793_fast2bfq_301,59.984344427577255,78.81767804539773
epigenomics_9793_fast2bfq_302,54.70571895713664,81.61677549662393
epigenomics_9793_fast2bfq_303,38.03127399188928,89.35935450514236
epigenomics_9793_fast2bfq_304,47.01902892972423,77.66448347245016
epigenomics_9793_fast2bfq_305,43.55038410856568,77.2377968696402
epigenomics_9793_fast2bfq_306,58.97194023364983,82.48298630191817
epigenomics_9793_fast2bfq_307,37.23969037236162,74.64706037595988
epigenomics_9793_fast2bfq_308,39.58335479490658,87.85577028577097
epigenomics_9793_fast2bfq_309,41.17084449416298,79.00614023625076
epigenomics_9793_fast2bfq_310,38.67964963553879,66.21760218421977
epigenomics_9793_fast2bfq_311,31.269546446099845,87.90120138409596
epigenomics_9793_fast2bfq_312,46.30591129953113,78.91484600617771
epigenomics_9793_fast2bfq_313,46.62063987835047,83.0565362848695
epigenomics_9793_fast2bfq_314,50.59350230978823,77.63052529989498
epigenomics_9793_fast2bfq_315,46.99379422275524,71.90169650755931
epigenomics_9793_fast2bfq_316,47.80405261128735,78.59163350263363
epigenomics_9793_fast2bfq_317,42.101322725629096,90.85768890573007
epigenomics_9793_fast2bfq_318,41.8981059649856,80.3415492317971
epigenomics_9793_fast2bfq_319,43.63396289312787,84.23546456554845
epigenomics_9793_fast2bfq_320,45.442572704942734,74.36308011866731
epigenomics_9793_fast2bfq_321,34.49000104019316,78.62938551169918
epigenomics_9793_fast2bfq_322,43.08695669435942,83.80530138336276
epigenomics_9793_fast2bfq_323,46.999322977614376,79.69595327840112
epigenomics_9793_fast2bfq_324,52.261827697397834,73.2529299758089
epigenomics_9793_fast2bfq_325,42.26742760323241,86.22918163436549
epigenomics_9793_fast2bfq_326,47.069448133867255,83.70740192231874
epigenomics_9793_fast2bfq_327,41.846798175472486,71.86175205123644
epigenomics_9793_fast2bfq_328,49.368926320015966,78.19403114183761
epigenomics_9793_fast2bfq_329,42.62978013716396,77.79232693005036
epigenomics_9793_fast2bfq_330,48.68367749498545,71.20921276292218
epigenomics_9793_fast2bfq_331,50.98797852269668,82.74961187088714
epigenomics_9793_fast2bfq_332,47.97459856389019,79.61061683416935
epigenomics_9793_fast2bfq_333,56.299785451522155,83.98757865858859
epigenomics_9793_fast2bfq_334,49.495431270481944,84.71814600746323
epigenomics_9793_fast2bfq_335,58.14790593229528,89.506746979343
epigenomics_9793_fast2bfq_336,48.16972819858821,89.74178975670213
epigenomics_9793_fast2bfq_337,37.577087220153174,81.39688967926153
epigenomics_9793_fast2bfq_338,51.3893000626163,63.72310498992891
epigenomics_9793_fast2bfq_339,40.28950442743274,85.68873818128625
epigenomics_9793_fast2bfq_340,42.775679077808675,79.48063630738129
epigenomics_9793_fast2bfq_341,30.82675744713289,86.10831303572022
epigenomics_9793_fast2bfq_342,42.84592787381154,74.55433563715712
epigenomics_9793_fast2bfq_343,62.090406763887586,75.09797502178864
epigenomics_9793_fast2bfq_344,45.51705234835846,74.06100730436577
epigenomics_9793_fast2bfq_345,38.34894658607411,66.89597859275342
epigenomics_9793_fast2bfq_346,48.023522869225744,92.29942985983405
epigenomics_9793_fast2bfq_347,45.55436207460158,84.627100958993
epigenomics_9793_fast2bfq_348,40.935355215245,76.55041363210496
epigenomics_9793_fast2bfq_349,37.71297378518838,76.74900205955582
epigenomics_9793_fast2bfq_350,47.64631453238931,76.79650886885682
epigenomics_9793_fast2bfq_351,50.43364755691768,88.42767557392206
epigenomics_9793_fast2bfq_352,52.77963499886722,77.26658229300273
epigenomics_9793_fast2bfq_353,50.488898406207014,67.09543223468351
epigenomics_9793_fast2bfq_354,38.61571672860219,62.692734207963966
epigenomics_9793_fast2bfq_355,52.68262881913468,79.67366922124053
epigenomics_9793_fast2bfq_356,42.422378674616226,76.49553371702443
epigenomics_9793_fast2bfq_357,61.18371298610362,79.27912838163249
epigenomics_9793_fast2bfq_358,38.705479481877376,83.5752871848955
epigenomics_9793_fast2bfq_359,41.004370924891774,91.90080940795234
epigenomics_9793_fast2bfq_360,47.59937277407809,82.66312763881189
epigenomics_9793_fast2bfq_361,40.47410377700754,77.67187643135456
epigenomics_9793_fast2bfq_362,52.815928103077056,83.35108029887047
epigenomics_9793_fast2bfq_363,34.07876674081046,89.20533312719436
epigenomics_9793_fast2bfq_364,47.51114085650861,81.14688192311598
epigenomics_9793_fast2bfq_365,60.49445757875489,87.97400371313935
epigenomics_9793_fast2bfq_366,37.461010577183906,68.0234168814045
epigenomics_9793_fast2bfq_367,43.516889202195735,80.53797641047954
epigenomics_9793_fast2bfq_368,41.160301857525845,74.40000305935315
epigenomics_9793_fast2bfq_369,59.85014284478759,73.61544265399756
epigenomics_9793_fast2bfq_370,51.81623598846991,65.8172889381079
epigenomics_9793_fast2bfq_371,51.274730719638306,90.61067029888619
epigenomics_9793_fast2bfq_372,45.37803202957637,79.719257397331
epigenomics_9793_fast2bfq_373,45.54838608415958,81.28609289175559
epigenomics_9793_fast2bfq_374,40.54306585436723,76.50179867250172
epigenomics_9793_fast2bfq_375,47.96136657283286,91.25745574019325
epigenomics_9793_fast2bfq_376,56.89994179084582,83.61104402006865
epigenomics_9793_fast2bfq_377,54.048790055409285,74.53124331385042
epigenomics_9793_fast2bfq_378,54.13523356084107,78.34443668820282
epigenomics_9793_fast2bfq_379,49.21250772320027,85.60814867862882
epigenomics_9793_fast2bfq_380,42.052806169806296,72.49498583817244
epigenomics_9793_fast2bfq_381,34.206863222686486,87.38983162144483
epigenomics_9793_fast2bfq_382,52.19217384377397,85.65191089991956
epigenomics_9793_fast2bfq_383,49.552592920288475,80.76056709703946
epigenomics_9793_fast2bfq_384,38.649274768771846,91.44526589755513
epigenomics_9793_fast2bfq_385,42.548562582993426,82.95184123789359
epigenomics_9793_fast2bfq_386,47.01244520570672,89.3994242009865
epigenomics_9793_fast2bfq_387,34.59982560128329,78.91585610465481
epigenomics_9793_fast2bfq_388,46.049657983195694,78.580359082591
epigenomics_9793_fast2bfq_389,50.14871803431899,73.95543542766491
epigenomics_9793_fast2bfq_390,49.264363620605614,79.62211604690846
epigenomics_9793_fast2bfq_391,50.89201429525694,74.78434544536161
epigenomics_9793_fast2bfq_392,40.46297199181349,73.35524258166578
epigenomics_9793_fast2bfq_393,54.60174566049336,68.3223439466151
epigenomics_9793_fast2bfq_394,55.573275977228505,79.17946832171053
epigenomics_9793_fast2bfq_395,48.81469238715999,83.100481758473
epigenomics_9793_fast2bfq_396,38.742281595323576,75.54388015549677
epigenomics_9793_fast2bfq_397,45.60902106459499,73.99631337215907
epigenomics_9793_fast2bfq_398,46.585394335578954,75.69687550136479
epigenomics_9793_fast2bfq_399,52.27050780504403,81.75104970084233
epigenomics_9793_fast2bfq_400,38.983612039094915,88.78149243838708
epigenomics_9793_fast2bfq_401,36.88904119636266,75.79771884265776
epigenomics_9793_fast2bfq_402,51.51682019238075,72.31384309163265
epigenomics_9793_fast2bfq_403,56.03957744084531,73.08623085220972
epigenomics_9793_fast2bfq_404,39.3270202104537,80.65791307720531
epigenomics_9793_fast2bfq_405,55.57823847720563,84.38530721896119
epigenomics_9793_fast2bfq_406,49.79252271581183,62.33660271619342
epigenomics_9793_fast2bfq_407,47.29348482427664,72.22062443042978
epigenomics_9793_fast2bfq_408,27.193248818562303,79.93347654696561
epigenomics_9793_fast2bfq_409,50.72415125313999,77.74776089865276
epigenomics_9793_fast2bfq_410,40.905962047239356,69.05992281916937
epigenomics_9793_fast2bfq_411,33.92036893962966,87.7946568909854
epigenomics_9793_fast2bfq_412,40.043227047128596,84.63225302312655
epigenomics_9793_fast2bfq_413,33.740468778037695,80.79475467649661
epigenomics_9793_fast2bfq_414,61.112413648445326,90.3165013611063
epigenomics_9793_fast2bfq_415,32.19363029635651,83.71843067748107
epigenomics_9793_fast2bfq_416,56.69260006591212,75.31789335201537
epigenomics_9793_fast2bfq_417,51.545678183339184,78.90519636705443
epigenomics_9793_fast2bfq_418,43.281602126001665,83.4637625765951
epigenomics_9793_fast2bfq_419,48.67654453997134,82.61185631411752
epigenomics_9793_fast2bfq_420,44.708781952116986,79.40292247194485
epigenomics_9793_fast2bfq_421,49.80090675581335,85.4666677788178
epigenomics_9793_fast2bfq_422,55.747044403911815,73.03469901602183
epigenomics_9793_fast2bfq_423,43.02319377034816,80.042116715723
epigenomics_9793_fast2bfq_424,49.708922297803085,82.04509273848832
epigenomics_9793_fast2bfq_425,52.082767540647396,74.48935474088718
epigenomics_9793_fast2bfq_426,36.58993399765693,80.10120797833329
epigenomics_9793_fast2bfq_427,33.04570408937107,77.45288839415926
epigenomics_9793_fast2bfq_428,49.498690862392095,84.18259028518499
epigenomics_9793_fast2bfq_429,48.41366086669299,80.90878847557823
epigenomics_9793_fast2bfq_430,41.40365952068735,84.41226388863134
epigenomics_9793_fast2bfq_431,34.088139672844385,68.34086797469091
epigenomics_9793_fast2bfq_432,38.79448460936633,83.43340693566533
epigenomics_9793_fast2bfq_433,28.742543935310714,89.77041796750935
epigenomics_9793_fast2bfq_434,36.22334218950848,87.08630176778378
epigenomics_9793_fast2bfq_435,40.558475199201574,87.54575112158454
epigenomics_9793_fast2bfq_436,45.418181944334286,73.65595959894789
epigenomics_9793_fast2bfq_437,39.82763339329332,77.81154929282528
epigenomics_9793_fast2bfq_438,50.273317326260155,83.16878703531104
epigenomics_9793_fast2bfq_439,40.14331574276663,76.83001896473752
epigenomics_9793_fast2bfq_440,48.010822259042065,70.35554993664617
epigenomics_9793_fast2bfq_441,47.08842004812518,82.55504356555595
epigenomics_9793_fast2bfq_442,40.87157172392624,72.43778015133324
epigenomics_9793_fast2bfq_443,43.01302660101608,91.83803653664677
epigenomics_9793_fast2bfq_444,48.01205376621144,66.76458771441486
epigenomics_9793_fast2bfq_445,48.826324654052165,68.37827248398588
epigenomics_9793_fast2bfq_446,43.51651538246987,69.59870675246829
epigenomics_9793_fast2bfq_447,44.06831106408313,79.86406794455698
epigenomics_9793_fast2bfq_448,57.97941138606181,91.95887788184054
epigenomics_9793_fast2bfq_449,36.05510207872703,85.62941160259213
epigenomics_9793_fast2bfq_450,46.23134481959385,84.83464098724907
epigenomics_9793_fast2bfq_451,37.122763886003085,73.1802075053167
epigenomics_9793_fast2bfq_452,39.53059091613602,79.83251366112066
epigenomics_9793_fast2bfq_453,36.76526147658665,86.24264063151935
epigenomics_9793_fast2bfq_454,24.864004878421007,87.04671292227636
epigenomics_9793_fast2bfq_455,40.00983177553828,73.51957396861135
epigenomics_9793_fast2bfq_456,36.24453367399156,80.47141764579771
epigenomics_9793_fast2bfq_457,49.74338195083014,77.88257592205721
epigenomics_9793_fast2bfq_458,49.318594817228174,76.57627672370462
epigenomics_9793_fast2bfq_459,51.18147097821277,87.86566520906725
epigenomics_9793_fast2bfq_460,49.51206641204199,73.08916349598923
epigenomics_9793_fast2bfq_461,44.883324327366374,77.82070185565425
epigenomics_9793_fast2bfq_462,36.10804093547959,66.69149580902224
epigenomics_9793_fast2bfq_463,41.52647296424863,90.76463881035026
epigenomics_9793_fast2bfq_464,39.685517856767596,87.90633396290174
epigenomics_9793_fast2bfq_465,44.420562117314375,87.70986000315416
epigenomics_9793_fast2bfq_466,60.928213986363936,68.79455063654147
epigenomics_9793_fast2bfq_467,31.06934997574729,76.04004955042996
epigenomics_9793_fast2bfq_468,40.98845798762822,72.9719408245805
epigenomics_9793_fast2bfq_469,48.98291778930254,79.5001753893282
epigenomics_9793_fast2bfq_470,40.67818445369561,98.6848092198766
epigenomics_9793_fast2bfq_471,44.45796615596038,98.96837537504432
epigenomics_9793_fast2bfq_472,49.597298856711525,93.96623939036634
epigenomics_9793_fast2bfq_473,51.595669608520254,79.77478898354273
epigenomics_9793_fast2bfq_474,52.44679899689072,94.98272523743213
epigenomics_9793_fast2bfq_475,38.475371224974246,82.18442804002808
epigenomics_9793_fast2bfq_476,43.102730402338594,81.19350167263347
epigenomics_9793_fast2bfq_477,46.14389113047899,76.56549094082187
epigenomics_9793_fast2bfq_478,45.44862300134807,77.0818565710497
epigenomics_9793_fast2bfq_479,31.930279300881903,79.93090148876861
epigenomics_9793_fast2bfq_480,37.84217727474281,86.3167840348324
epigenomics_9793_fast2bfq_481,54.50217349715621,73.33884022568213
epigenomics_9793_fast2bfq_482,38.82548272903526,77.29329036536662
epigenomics_9793_fast2bfq_483,43.78239616553124,81.28388386086435
epigenomics_9793_fast2bfq_484,34.802737699197195,77.94452317889063
epigenomics_9793_fast2bfq_485,53.39785673233419,78.20289301207505
epigenomics_9793_fast2bfq_486,48.823403864154045,78.64464019751708
epigenomics_9793_fast2bfq_487,31.977876627969785,69.4224164088462
epigenomics_9793_fast2bfq_488,45.97316798542063,73.95266768073611
epigenomics_9793_fast2bfq_489,44.737317693861456,82.79582563234763
epigenomics_9793_fast2bfq_490,52.219534438325475,68.6094531629193
epigenomics_9793_fast2bfq_491,47.12823689964121,73.50011010312961
epigenomics_9793_fast2bfq_492,37.77242268228045,76.8804355874822
epigenomics_9793_fast2bfq_493,42.0656956391692,71.69917704164362
epigenomics_9793_fast2bfq_494,40.08320006666787,78.60650787967307
epigenomics_9793_fast2bfq_495,31.012389413238242,75.91847980636271
epigenomics_9793_fast2bfq_496,46.62075307568089,68.7109843201546
epigenomics_9793_fast2bfq_497,40.56823225705412,77.16336788335109
epigenomics_9793_fast2bfq_498,39.74352327232782,76.46255002516901
epigenomics_9793_fast2bfq_499,40.354848126613845,80.39255404164066
epigenomics_9793_map_0,10468.021398768937,186.70468344816237
epigenomics_9793_map_1,9647.515450329494,188.96887970487046
epigenomics_9793_map_2,10852.98476871978,187.83939600118904
epigenomics_9793_map_3,10632.045279527629,182.64076778740147
epigenomics_9793_map_4,9850.217344879562,177.52392797700162
epigenomics_9793_map_5,10827.960901630962,184.2101588617568
epigenomics_9793_map_6,9494.176480089573,190.28865001325195
epigenomics_9793_map_7,9887.649929226434,181.89235394132643
epigenomics_9793_map_8,10499.742935128588,185.0720055867353
epigenomics_9793_map_9,9808.457729119395,181.06722109647436
epigenomics_9793_map_10,9575.436164125851,179.37224789758278
epigenomics_9793_map_11,10506.27153846072,179.10598168385158
epigenomics_9793_map_12,8668.10258429134,177.5604938295484
epigenomics_9793_map_13,9614.302872949422,180.37649559186855
epigenomics_9793_map_14,9570.216355318906,189.522450603062
epigenomics_9793_map_15,10001.180250455067,185.30132863701
epigenomics_9793_map_16,10183.59100961062,184.77688603912037
epigenomics_9793_map_17,10545.331782997697,181.44387609054826
epigenomics_9793_map_18,9856.196043283157,179.18201662860565
epigenomics_9793_map_19,11321.580984373322,180.6850019898226
epigenomics_9793_map_20,10041.970966410268,184.09091716532228
epigenomics_9793_map_21,11773.21978241848,180.39229677116293
epigenomics_9793_map_22,10672.194187705556,186.02398344943
epigenomics_9793_map_23,8980.978949076807,184.68766915387886
epigenomics_9793_map_24,9903.94397496135,193.72073790863448
epigenomics_9793_map_25,10436.725295897086,188.52138002535006
epigenomics_9793_map_26,9985.928760215731,188.5377931015962
epigenomics_9793_map_27,10855.67131196196,183.90395074076756
epigenomics_9793_map_28,9664.110601311342,182.7333254281829
epigenomics_9793_map_29,10496.756352441691,185.58948008070348
epigenomics_9793_map_30,9119.788679391057,183.63816068057375
epigenomics_9793_map_31,10940.580933603202,183.57807808844126
epigenomics_9793_map_32,10042.739111019433,189.89829856959972
epigenomics_9793_map_33,9846.538109464667,183.4000527593301
epigenomics_9793_map_34,10249.34572614541,183.76130171345395
epigenomics_9793_map_35,10464.877602980105,187.5704626803516
epigenomics_9793_map_36,10453.252976344189,181.73346624996913
epigenomics_9793_map_37,9775.034664333136,187.56168958153555
epigenomics_9793_map_38,10171.739133386827,191.0680952892096
epigenomics_9793_map_39,10279.268605720112,185.1275993552874
epigenomics_9793_map_40,10595.25105142276,182.24162761881323
epigenomics_9793_map_41,10517.349483194002,185.0394119768694
epigenomics_9793_map_42,10149.794545762123,187.6679697016946
epigenomics_9793_map_43,9177.908723127366,190.3349869443262
epigenomics_9793_map_44,9444.42944229764,192.62831613951346
epigenomics_9793_map_45,9853.251150349539,193.45558895097093
epigenomics_9793_map_46,10785.301211287917,183.2291256739926
epigenomics_9793_map_47,9223.77800322859,190.01940430652084
epigenomics_9793_map_48,9534.066460691969,193.88458127748206
epigenomics_9793_map_49,10383.703961561785,190.77983530634864
epigenomics_9793_map_50,9808.78804865261,185.3269684922371
epigenomics_9793_map_51,9813.877459073054,185.31296202826442
epigenomics_9793_map_52,9899.061398634934,189.13001512922824
epigenomics_9793_map_53,9583.659923307807,195.7913626766921
epigenomics_9793_map_54,9838.695038777147,183.81483180345955
epigenomics_9793_map_55,9567.010588784897,183.04466061449102
epigenomics_9793_map_56,8981.786118305436,176.54603174894993
epigenomics_9793_map_57,10048.07630611435,178.11371494740385
epigenomics_9793_map_58,10099.660897358388,182.87222330244037
epigenomics_9793_map_59,10367.36137394098,179.52800566628474
epigenomics_9793_map_60,9127.404156389377,189.81649369284827
epigenomics_9793_map_61,9730.379927784317,186.00786571219342
epigenomics_9793_map_62,9930.319309214789,180.67602199743
epigenomics_9793_map_63,9859.787339468652,179.67176941557358
epigenomics_9793_map_64,9172.85441735487,184.86511869354885
epigenomics_9793_map_65,9904.329355643455,185.7094482560624
epigenomics_9793_map_66,9648.751186455269,182.00392178279301
epigenomics_9793_map_67,9400.416640182873,181.33103039504326
epigenomics_9793_map_68,10244.144005507997,182.3242615396148
epigenomics_9793_map_69,10321.512416816056,183.40602700278166
epigenomics_9793_map_70,9625.630448678598,179.4053603635544
epigenomics_9793_map_71,10202.427908085525,186.77902718032198
epigenomics_9793_map_72,10299.44026059127,178.00718907751698
epigenomics_9793_map_73,10332.269532419275,182.72442968873943
epigenomics_9793_map_74,10477.542133164421,183.7129670325888
epigenomics_9793_map_75,9912.886991349773,181.59021211528776
epigenomics_9793_map_76,10489.601939251332,179.82422547550073
epigenomics_9793_map_77,9457.737425275942,192.424170521599
epigenomics_9793_map_78,9793.196596779713,185.11035361775996
epigenomics_9793_map_79,9563.758886047459,184.49511063270407
epigenomics_9793_map_80,9625.971423834475,189.250659794337
epigenomics_9793_map_81,10110.086098223557,190.37536585535358
epigenomics_9793_map_82,10197.64820502807,186.53475114244526
epigenomics_9793_map_83,10119.56168602381,181.96063072114322
epigenomics_9793_map_84,9878.053239672832,182.4136830285972
epigenomics_9793_map_85,10006.153014970061,183.29217390767835
epigenomics_9793_map_86,9809.58558444474,184.27837669182998
epigenomics_9793_map_87,10441.05389338182,179.7306158272541
epigenomics_9793_map_88,9930.82839515718,180.88442089974743
epigenomics_9793_map_89,9270.48352021965,188.7090563185793
epigenomics_9793_map_90,10181.051791720467,183.57511266976155
epigenomics_9793_map_91,9841.525676443958,186.9345990330422
epigenomics_9793_map_92,9345.803224433683,179.7190309354695
epigenomics_9793_map_93,9771.420340176935,187.91806982015638
epigenomics_9793_map_94,10278.28452331271,192.76661401366016
epigenomics_9793_map_95,9984.600005723754,181.96116274747135
epigenomics_9793_map_96,9664.732498222738,182.11671824961817
epigenomics_9793_map_97,9190.887724902588,180.65365470862181
epigenomics_9793_map_98,9720.245098408479,188.94018770666946
epigenomics_9793_map_99,10541.541675702096,187.9159533225439
epigenomics_9793_map_100,10202.349871821838,175.95375852479236
epigenomics_9793_map_101,10169.581645328028,187.1764691998807
epigenomics_9793_map_102,9020.886524879093,184.60061932568627
epigenomics_9793_map_103,9654.392965113655,180.13919859473972
epigenomics_9793_map_104,9147.775729671963,183.40045030329318
epigenomics_9793_map_105,10379.219869018743,187.36327179468896
epigenomics_9793_map_106,11327.603008996175,182.32495734916193
epigenomics_9793_map_107,9985.72046250689,187.15989178147385
epigenomics_9793_map_108,9628.275042723371,182.6172113155944
epigenomics_9793_map_109,9514.140383706785,185.870153731961
epigenomics_9793_map_110,10070.632190517425,181.16840779415867
epigenomics_9793_map_111,9919.930085164297,177.11066536713767
epigenomics_9793_map_112,9892.163125581084,181.50188401842001
epigenomics_9793_map_113,9712.249635371112,170.5140970989012
epigenomics_9793_map_114,9790.143540491494,177.17854563080337
epigenomics_9793_map_115,9369.003297381885,187.24103813916204
epigenomics_9793_map_116,10408.426252621904,189.9706198013
epigenomics_9793_map_117,9788.311668054115,183.48243771457956
epigenomics_9793_map_118,9601.932083576825,181.82344670332813
epigenomics_9793_map_119,9644.476681222319,179.54090043844457
epigenomics_9793_map_120,9705.446877034125,184.03053774138118
epigenomics_9793_map_121,10492.67496982698,181.33027744199924
epigenomics_9793_map_122,10056.921287187899,178.85596289820123
epigenomics_9793_map_123,10924.459188157205,185.33964851137344
epigenomics_9793_map_124,9461.647206859645,183.00590973331384
epigenomics_9793_map_125,9917.313308657673,188.62034685060453
epigenomics_9793_map_126,9608.9843056158,185.95834783248358
epigenomics_9793_map_127,9680.149540678543,191.26698539643536
epigenomics_9793_map_128,9675.56367523423,180.95242694772747
epigenomics_9793_map_129,11041.370572045294,186.76129040890527
epigenomics_9793_map_130,10388.272243705705,180.85942120842452
epigenomics_9793_map_131,10064.053759545668,185.3766284307463
epigenomics_9793_map_132,10705.597887417192,180.70524219685512
epigenomics_9793_map_133,10484.648145917743,184.79764663401994
epigenomics_9793_map_134,11424.265217151053,172.83289099479268
epigenomics_9793_map_135,9907.446464501472,184.60788598096272
epigenomics_9793_map_136,10358.085139017245,184.48779549356746
epigenomics_9793_map_137,11163.874584465775,187.33501561666517
epigenomics_9793_map_138,10977.279744560565,182.02952299156755
epigenomics_9793_map_139,10308.954714502295,184.97300904024243
epigenomics_9793_map_140,9522.806439898126,179.60874097663995
epigenomics_9793_map_141,9450.53619287182,191.4794620443921
epigenomics_9793_map_142,10801.202006227197,183.99508779342864
epigenomics_9793_map_143,11178.138856618954,183.64905999613782
epigenomics_9793_map_144,10521.111135473,189.4770396493882
epigenomics_9793_map_145,10372.298474918778,194.565293403434
epigenomics_9793_map_146,10138.462107726966,190.69685994826648
epigenomics_9793_map_147,10121.89385968998,190.33656693114756
epigenomics_9793_map_148,10703.680445471016,181.69519419390087
epigenomics_9793_map_149,9713.50918279253,183.98663470271555
epigenomics_9793_map_150,10845.403889499175,180.45983439476768
epigenomics_9793_map_151,9556.798419862007,183.07932302937135
epigenomics_9793_map_152,9981.566181663713,178.05360597168024
epigenomics_9793_map_153,10446.156173250054,184.68314769921435
epigenomics_9793_map_154,9513.311238658678,193.29718593062054
epigenomics_9793_map_155,9994.674073828324,188.9173664329603
epigenomics_9793_map_156,10290.229983623936,182.62064547786144
epigenomics_9793_map_157,10351.11586996387,184.12707641964056
epigenomics_9793_map_158,10401.143571765495,188.38552446443117
epigenomics_9793_map_159,10244.082710412813,178.69812924005524
epigenomics_9793_map_160,9499.13927126234,178.98120979563134
epigenomics_9793_map_161,9386.526365549516,186.6680477866833
epigenomics_9793_map_162,9861.5103762222,180.03240201519955
epigenomics_9793_map_163,10296.49996332003,188.13633292296353
epigenomics_9793_map_164,9484.3830527401,184.63614225211515
epigenomics_9793_map_165,10257.111350800606,191.24363642538475
epigenomics_9793_map_166,9859.573819662117,182.87177001129163
epigenomics_9793_map_167,9884.397129500017,180.42161872365625
epigenomics_9793_map_168,9752.457281492652,165.87489631130222
epigenomics_9793_map_169,9211.093907329825,183.136611748703
epigenomics_9793_map_170,9441.24632644717,190.5570059878688
epigenomics_9793_map_171,10471.526796107899,186.62613529101822
epigenomics_9793_map_172,9734.798568423797,183.81322740074526
epigenomics_9793_map_173,10833.796317083092,183.14965189833785
epigenomics_9793_map_174,9286.962068890734,190.26258449528254
epigenomics_9793_map_175,9511.003647778061,187.00355947800458
epigenomics_9793_map_176,10386.54855917897,185.6845514197737
epigenomics_9793_map_177,10211.125214904096,179.1710340197079
epigenomics_9793_map_178,9710.977040642381,183.59504819927574
epigenomics_9793_map_179,10832.947607878623,186.05015103977624
epigenomics_9793_map_180,9279.785277540428,188.14846299468928
epigenomics_9793_map_181,9925.180485372135,190.91567007579755
epigenomics_9793_map_182,9741.014925605317,185.7424847359158
epigenomics_9793_map_183,9220.294952917988,181.5212152603881
epigenomics_9793_map_184,10697.63416160684,173.5961337209419
epigenomics_9793_map_185,10100.538832025413,174.0730004894901
epigenomics_9793_map_186,10005.275800437668,183.44701754260507
epigenomics_9793_map_187,10191.069187100482,188.21943949369802
epigenomics_9793_map_188,10038.682161373094,193.56426316908255
epigenomics_9793_map_189,10105.810874311845,184.8979725578125
epigenomics_9793_map_190,10710.531835866987,183.9862569518943
epigenomics_9793_map_191,10260.374013995353,181.36268366034884
epigenomics_9793_map_192,9913.88058403289,174.32454180749718
epigenomics_9793_map_193,9686.335636204496,176.3788389269426
epigenomics_9793_map_194,10496.554636754789,178.87504320815006
epigenomics_9793_map_195,10227.497953364664,184.49452719712062
epigenomics_9793_map_196,10035.317363211168,178.95183614602269
epigenomics_9793_map_197,10122.304469227876,178.76755951704703
epigenomics_9793_map_198,9586.407014286553,192.0301172707295
epigenomics_9793_map_199,10133.69944564427,190.5824095669825
epigenomics_9793_map_200,9902.838043839014,180.2851556912757
epigenomics_9793_map_201,9718.371408294404,182.73914475966149
epigenomics_9793_map_202,9867.01348745527,172.52173298920226
epigenomics_9793_map_203,9547.411122535246,178.75841623614795
epigenomics_9793_map_204,9748.734032641614,176.50601079184102
epigenomics_9793_map_205,10065.187114857797,186.54305429887694
epigenomics_9793_map_206,10198.05991593169,186.72582526319482
epigenomics_9793_map_207,9812.611152127496,185.6810840702852
epigenomics_9793_map_208,10461.923741664064,186.9951569752955
epigenomics_9793_map_209,10092.550874851184,185.9889299332666
epigenomics_9793_map_210,9868.022109258762,189.41286395127187
epigenomics_9793_map_211,10360.966793150357,178.16551421437936
epigenomics_9793_map_212,10052.171687478209,183.29618002076333
epigenomics_9793_map_213,9885.245167716432,179.91407355358012
epigenomics_9793_map_214,10014.465281379002,186.6839484536183
epigenomics_9793_map_215,9353.673709013627,177.97720759394713
epigenomics_9793_map_216,9932.50770999153,188.3013755844845
epigenomics_9793_map_217,9918.774392807967,176.76273843325038
epigenomics_9793_map_218,9899.864382716665,182.6835559376185
epigenomics_9793_map_219,10452.739798109089,191.6794651185841
epigenomics_9793_map_220,9648.015134282437,190.4588875648804
epigenomics_9793_map_221,9111.06947851387,194.31066936710164
epigenomics_9793_map_222,9821.840959307538,177.6794713055233
epigenomics_9793_map_223,10300.424399259378,188.54887565845686
epigenomics_9793_map_224,9513.851916623285,181.23625895676176
epigenomics_9793_map_225,9146.710476363733,186.6915704680112
epigenomics_9793_map_226,10482.627140679197,178.99995670295334
epigenomics_9793_map_227,8883.944897763087,187.25543249314993
epigenomics_9793_map_228,9323.807366351633,188.76588428668717
epigenomics_9793_map_229,9711.331828138396,173.92650033533343
epigenomics_9793_map_230,9060.790054532266,178.63679647384424
epigenomics_9793_map_231,10483.057657122368,183.55188678283787
epigenomics_9793_map_232,9886.652167371496,183.2890064778259
epigenomics_9793_map_233,9738.586838887817,186.1646837141126
epigenomics_9793_map_234,10156.544984362912,181.9605841781588
epigenomics_9793_map_235,10185.975801473052,186.31106204711745
epigenomics_9793_map_236,10765.118780674518,187.6736288974824
epigenomics_9793_map_237,10001.361558713961,185.08705704473905
epigenomics_9793_map_238,9935.705783178579,185.64762180096795
epigenomics_9793_map_239,10695.733313169512,181.49348645891257
epigenomics_9793_map_240,10764.05709965936,181.0459470067459
epigenomics_9793_map_241,9651.413170465801,186.28631936847916
epigenomics_9793_map_242,10262.739372141312,173.40076977981846
epigenomics_9793_map_243,10945.836755444974,188.68429987559452
epigenomics_9793_map_244,10539.355197931442,187.544338645425
epigenomics_9793_map_245,9908.266107848767,187.7846003789771
epigenomics_9793_map_246,9497.347843180327,186.06110080975313
epigenomics_9793_map_247,9778.069802700807,185.4163185807984
epigenomics_9793_map_248,9948.645569235903,182.57287884094393
epigenomics_9793_map_249,10301.541764127138,189.9313374116307
epigenomics_9793_map_250,9960.486171714625,189.21106618914433
epigenomics_9793_map_251,9712.354705191969,183.26186089128896
epigenomics_9793_map_252,9820.873707793933,181.82763051249302
epigenomics_9793_map_253,9922.56721033249,182.8523743325213
epigenomics_9793_map_254,10303.544689546177,179.5471561117143
epigenomics_9793_map_255,10847.139900584576,182.70865402530788
epigenomics_9793_map_256,9797.410142179499,187.61118000595076
epigenomics_9793_map_257,9997.326321449484,184.13744181863234
epigenomics_9793_map_258,10338.159852695859,175.39866891436245
epigenomics_9793_map_259,10183.188096111475,184.34374696963837
epigenomics_9793_map_260,9232.028330206964,179.94729533027103
epigenomics_9793_map_261,10332.030552975766,178.3906868003
epigenomics_9793_map_262,9854.54686002158,182.27292051008635
epigenomics_9793_map_263,10396.210478578176,187.24821595607548
epigenomics_9793_map_264,10400.01571971538,188.51711360648326
epigenomics_9793_map_265,10471.060330436103,173.8684550148965
epigenomics_9793_map_266,10095.645840639021,183.0335691251277
epigenomics_9793_map_267,10303.202109037524,198.14905829346517
epigenomics_9793_map_268,9377.626459768355,190.25495021149757
epigenomics_9793_map_269,9839.694277091647,183.94215589212686
epigenomics_9793_map_270,9249.819420742477,178.80715339757012
epigenomics_9793_map_271,10130.888223684016,176.51335788505847
epigenomics_9793_map_272,9983.205817852006,170.49775481841047
epigenomics_9793_map_273,10949.898832399771,184.86110127544225
epigenomics_9793_map_274,10074.071389670018,175.98988948942525
epigenomics_9793_map_275,9174.560307801223,190.80683006766355
epigenomics_9793_map_276,9137.173281161511,183.1131828746714
epigenomics_9793_map_277,10060.783407839319,186.470700268346
epigenomics_9793_map_278,10635.139974579606,179.2361828611829
epigenomics_9793_map_279,9821.81564386378,182.2590831104679
epigenomics_9793_map_280,9357.343573080603,188.44193114868912
epigenomics_9793_map_281,10101.01556174331,186.02033930735618
epigenomics_9793_map_282,9875.71829851082,179.6668872909911
epigenomics_9793_map_283,10601.094907257708,189.408985050162
epigenomics_9793_map_284,10310.062835364752,195.56959754373375
epigenomics_9793_map_285,10094.361620380623,184.43882999997479
epigenomics_9793_map_286,9954.867740819618,195.37901247505397
epigenomics_9793_map_287,10090.401126533961,182.0517360879496
epigenomics_9793_map_288,10662.908530987663,194.74194995904142
epigenomics_9793_map_289,9072.796127728114,191.50766076588192
epigenomics_9793_map_290,10161.488968879772,192.50404731846433
epigenomics_9793_map_291,10778.253920592335,193.16979818612018
epigenomics_9793_map_292,9792.352335369036,187.3017678296528
epigenomics_9793_map_293,11198.646587671508,176.31519268779607
epigenomics_9793_map_294,10822.875295497726,180.43305589243423
epigenomics_9793_map_295,10341.299443239082,188.17946940246844
epigenomics_9793_map_296,10373.312902605236,183.60764476622066
epigenomics_9793_map_297,10344.646796224508,182.5297501321263
epigenomics_9793_map_298,10586.260736474014,184.03292120217532
epigenomics_9793_map_299,9877.478835807437,189.9037845667631
epigenomics_9793_map_300,9563.493482213338,182.10173447350644
epigenomics_9793_map_301,10345.471096067642,185.10101651064957
epigenomics_9793_map_302,9963.61261223619,185.48875938959333
epigenomics_9793_map_303,10481.62400366196,182.86963536058545
epigenomics_9793_map_304,9582.452656907913,183.2838688857964
epigenomics_9793_map_305,9560.873958276406,182.06558973069602
epigenomics_9793_map_306,10461.996049860874,186.0088837743199
epigenomics_9793_map_307,10631.339417251493,172.2102918379411
epigenomics_9793_map_308,10254.196537993907,187.09428996564787
epigenomics_9793_map_309,9323.536896380407,180.2341734680164
epigenomics_9793_map_310,9706.812965657084,176.43597226499986
epigenomics_9793_map_311,10127.038192098276,182.0970282456363
epigenomics_9793_map_312,9888.016097723537,179.9277320505197
epigenomics_9793_map_313,10538.639047133107,191.58349272454635
epigenomics_9793_map_314,10336.3864098527,191.91987805826054
epigenomics_9793_map_315,9659.073285720306,182.4140040735532
epigenomics_9793_map_316,9881.898745268089,187.5745095144179
epigenomics_9793_map_317,10189.21787744688,190.60401453620494
epigenomics_9793_map_318,10119.700071060524,188.9589304954337
epigenomics_9793_map_319,9818.02882519174,179.1240895559253
epigenomics_9793_map_320,10162.988173708432,189.6912361974253
epigenomics_9793_map_321,9285.859477485152,183.5836902296988
epigenomics_9793_map_322,10106.261957568458,176.24006089728377
epigenomics_9793_map_323,9395.222855931504,195.26435042336132
epigenomics_9793_map_324,9829.04058627446,184.84943250920517
epigenomics_9793_map_325,9928.372075530782,176.79897314539656
epigenomics_9793_map_326,10206.74342773217,182.7939029726961
epigenomics_9793_map_327,9271.054711535657,184.86736333014503
epigenomics_9793_map_328,9639.014574503639,183.93304473927097
epigenomics_9793_map_329,10512.207889033707,175.8143426412053
epigenomics_9793_map_330,9656.837464810958,179.06086479272597
epigenomics_9793_map_331,10241.759046699695,189.8017766364806
epigenomics_9793_map_332,9961.992647356614,183.1841150810928
epigenomics_9793_map_333,9424.09574899991,188.52192268089667
epigenomics_9793_map_334,9576.862768690191,191.37893316999458
epigenomics_9793_map_335,9758.522336103511,176.6274183479011
epigenomics_9793_map_336,9894.007084906429,189.57802392455605
epigenomics_9793_map_337,9907.167213476601,179.87674753084255
epigenomics_9793_map_338,9418.001304565465,185.52292460444053
epigenomics_9793_map_339,9163.294260523306,188.7921991054203
epigenomics_9793_map_340,11062.72483427773,179.30023804624685
epigenomics_9793_map_341,9975.024221875841,185.95763997750072
epigenomics_9793_map_342,9992.16480273697,191.8237658273669
epigenomics_9793_map_343,10274.632367826145,186.98190776656187
epigenomics_9793_map_344,10086.095788804203,186.86053904570844
epigenomics_9793_map_345,9820.31615510528,191.24261533668005
epigenomics_9793_map_346,11144.429122631396,193.03393500671157
epigenomics_9793_map_347,9871.191986843869,169.4632018522954
epigenomics_9793_map_348,10066.102588652047,180.355784138985
epigenomics_9793_map_349,10235.480605149205,189.88921996950316
epigenomics_9793_map_350,9661.383124970325,190.265404901851
epigenomics_9793_map_351,9867.633915077537,185.16583004670983
epigenomics_9793_map_352,10216.259200716471,184.5090980689128
epigenomics_9793_map_353,9726.404240119162,191.65628933378431
epigenomics_9793_map_354,9039.035938764991,189.0415131398364
epigenomics_9793_map_355,9607.923441835932,190.6532824189392
epigenomics_9793_map_356,9968.32397501648,183.45803410148633
epigenomics_9793_map_357,9506.338944730369,189.41326752284192
epigenomics_9793_map_358,9017.66671166427,185.54525899737874
epigenomics_9793_map_359,10376.227697315426,179.24118236734753
epigenomics_9793_map_360,9987.832682822283,185.47697575051527
epigenomics_9793_map_361,10651.490128996147,189.27096529308741
epigenomics_9793_map_362,10435.062727355069,175.71089669880166
epigenomics_9793_map_363,9197.671673747032,191.47788689844214
epigenomics_9793_map_364,9218.108907496533,195.20684419430273
epigenomics_9793_map_365,9939.55260018386,187.15968537472375
epigenomics_9793_map_366,10497.62048716773,176.93681391186496
epigenomics_9793_map_367,9658.782301806736,180.80996295664178
epigenomics_9793_map_368,10200.620159087835,189.3228217888987
epigenomics_9793_map_369,10367.173436015935,180.69755146026364
epigenomics_9793_map_370,9377.320532152582,184.46806006224304
epigenomics_9793_map_371,10728.116015200769,183.27609282112226
epigenomics_9793_map_372,10993.286437036084,184.70973793799027
epigenomics_9793_map_373,9603.111456903365,185.16974620527557
epigenomics_9793_map_374,10693.04156281347,178.3933809694916
epigenomics_9793_map_375,10314.36294297657,183.32689067012618
epigenomics_9793_map_376,10630.409140789036,180.67510941253136
epigenomics_9793_map_377,9701.202267147668,188.14999702528857
epigenomics_9793_map_378,9714.614675582488,185.48764663714843
epigenomics_9793_map_379,9681.468788146614,185.078190887979
epigenomics_9793_map_380,10152.089847146884,193.3057020304722
epigenomics_9793_map_381,9719.556102271832,188.15245766383646
epigenomics_9793_map_382,9381.698435385786,180.11807637274518
epigenomics_9793_map_383,9437.716361343364,185.6754819116609
epigenomics_9793_map_384,8771.22494761216,184.50114575826197
epigenomics_9793_map_385,10433.766016616177,184.90706292093782
epigenomics_9793_map_386,9567.278605362018,176.94375455337445
epigenomics_9793_map_387,10076.406030093305,178.6587004714929
epigenomics_9793_map_388,9799.861148872822,185.7498762650932
epigenomics_9793_map_389,9810.853951923087,184.40375665095257
epigenomics_9793_map_390,9700.680189978653,180.6385097690976
epigenomics_9793_map_391,10126.308878884774,188.2464449347381
epigenomics_9793_map_392,9907.855846734248,188.24971065599428
epigenomics_9793_map_393,10672.63000959849,195.29844890875387
epigenomics_9793_map_394,10270.784851970235,188.33073828042032
epigenomics_9793_map_395,10162.817093432417,181.56284929092962
epigenomics_9793_map_396,10629.573904044915,186.46643787977024
epigenomics_9793_map_397,11083.64075131707,184.18553119216853
epigenomics_9793_map_398,9807.372353760979,184.19022694803814
epigenomics_9793_map_399,10914.121906532939,189.17159177927113
epigenomics_9793_map_400,9611.72617474265,185.55708121679206
epigenomics_9793_map_401,10345.476554723098,182.2860276341363
epigenomics_9793_map_402,10685.257285482601,181.9886716421268
epigenomics_9793_map_403,10341.850684973553,194.36216931367053
epigenomics_9793_map_404,9201.48154301896,190.0447516474024
epigenomics_9793_map_405,8999.109656018472,188.80261279837507
epigenomics_9793_map_406,10767.282517893062,188.31721732986824
epigenomics_9793_map_407,10438.110393270059,185.56828864168958
epigenomics_9793_map_408,9456.859252905935,183.37676441207515
epigenomics_9793_map_409,9671.935248271324,185.82815995322215
epigenomics_9793_map_410,10345.816462828765,185.20383478550454
epigenomics_9793_map_411,10595.240024620281,191.70910016328793
epigenomics_9793_map_412,9552.452546969127,193.33392118097163
epigenomics_9793_map_413,9521.93819329524,181.03428049137915
epigenomics_9793_map_414,10022.665293247692,187.21240095606132
epigenomics_9793_map_415,9936.488232083853,183.56770478088418
epigenomics_9793_map_416,9754.170340127412,188.41448558835327
epigenomics_9793_map_417,10526.564732904624,183.0481529444643
epigenomics_9793_map_418,9733.539172795921,182.84832991946718
epigenomics_9793_map_419,10431.083926599458,180.61563563192658
epigenomics_9793_map_420,8819.913762632108,185.6925710186789
epigenomics_9793_map_421,9887.081363116262,181.32026313791582
epigenomics_9793_map_422,9048.094126549777,183.59069187119394
epigenomics_9793_map_423,8989.03415887043,184.36074693927876
epigenomics_9793_map_424,10437.382731685595,179.21871579181965
epigenomics_9793_map_425,10038.256766946026,176.1776102964185
epigenomics_9793_map_426,9583.547031498307,182.86137718167316
epigenomics_9793_map_427,10888.112964895248,193.923545112837
epigenomics_9793_map_428,10230.322026522073,176.89627861591427
epigenomics_9793_map_429,10584.943501450458,190.32077860411167
epigenomics_9793_map_430,10722.243405647348,186.99218113415833
epigenomics_9793_map_431,9779.936087854378,183.74309716962676
epigenomics_9793_map_432,9769.31014068612,185.3044612010637
epigenomics_9793_map_433,10183.943821018102,183.14548652339766
epigenomics_9793_map_434,10375.10148992474,190.35222733622405
epigenomics_9793_map_435,8790.982219098936,187.9059196499444
epigenomics_9793_map_436,10688.703450658631,186.3169033871044
epigenomics_9793_map_437,9784.77808289063,176.37999136393665
epigenomics_9793_map_438,9493.457763142693,179.3313916229839
epigenomics_9793_map_439,10371.125590529467,179.84050653562525
epigenomics_9793_map_440,9985.393103658043,188.22023005705668
epigenomics_9793_map_441,10145.17143148624,179.55376287769303
epigenomics_9793_map_442,10492.122432979912,178.1795732599173
epigenomics_9793_map_443,10799.453843428568,185.02009581818103
epigenomics_9793_map_444,9836.58656245409,183.77054820873744
epigenomics_9793_map_445,9348.634860484077,181.64167106613178
epigenomics_9793_map_446,10431.712716485166,183.93653328220233
epigenomics_9793_map_447,10506.804595033027,186.09167148452363
epigenomics_9793_map_448,10755.964030635621,176.79364661870974
epigenomics_9793_map_449,10980.258050577675,190.01843854742938
epigenomics_9793_map_450,10088.02847295507,183.88685125942465
epigenomics_9793_map_451,9264.3756029638,184.21599112423095
epigenomics_9793_map_452,10488.128261275895,186.97298267001415
epigenomics_9793_map_453,10559.569727694992,193.83895516941843
epigenomics_9793_map_454,9626.563748318737,176.2669550051923
epigenomics_9793_map_455,9750.684923039535,184.8436736612901
epigenomics_9793_map_456,9695.430309768404,185.7345594538709
epigenomics_9793_map_457,9381.286440282862,182.61789409014588
epigenomics_9793_map_458,10138.681875674245,189.14109866885548
epigenomics_9793_map_459,9442.741760778466,184.3810486764442
epigenomics_9793_map_460,10256.725403899087,183.38779657442632
epigenomics_9793_map_461,9987.757044958897,182.61968528804604
epigenomics_9793_map_462,9047.180678076906,179.20220098564656
epigenomics_9793_map_463,9624.36128233168,183.13983018638365
epigenomics_9793_map_464,9242.616768888867,188.87591656456692
epigenomics_9793_map_465,9592.869596089387,194.01672143157305
epigenomics_9793_map_466,10793.013012175015,184.96474244269717
epigenomics_9793_map_467,9727.750328118345,188.57668989780757
epigenomics_9793_map_468,11002.176098155469,189.83593640030603
epigenomics_9793_map_469,10128.615767558353,192.52462359191819
epigenomics_9793_map_470,9499.699898113604,184.3419441779128
epigenomics_9793_map_471,9516.328507292012,192.5507226275045
epigenomics_9793_map_472,9870.104348812578,183.66863014960705
epigenomics_9793_map_473,9991.465305980646,185.90857353364171
epigenomics_9793_map_474,10207.361554683172,182.73777727667508
epigenomics_9793_map_475,9686.618028446966,191.04487523964238
epigenomics_9793_map_476,10504.545686997475,184.27519055752185
epigenomics_9793_map_477,10001.346804532688,194.64496892239706
epigenomics_9793_map_478,9445.056569069971,184.2840714821588
epigenomics_9793_map_479,10140.612076180032,191.77500746864538
epigenomics_9793_map_480,9762.060507116208,179.55698497818383
epigenomics_9793_map_481,9524.861349335759,174.2749256017311
epigenomics_9793_map_482,9793.432814344153,183.85307744623168
epigenomics_9793_map_483,10392.332096793714,184.83315613848848
epigenomics_9793_map_484,9532.276326076373,180.5193393778788
epigenomics_9793_map_485,10007.574027711096,184.43016256261268
epigenomics_9793_map_486,10043.133588084795,185.09855972886555
epigenomics_9793_map_487,10852.958726923393,192.01479472945417
epigenomics_9793_map_488,9909.448065495628,187.87177331089262
epigenomics_9793_map_489,9547.927484219917,179.72271264264182
epigenomics_9793_map_490,10288.421498607831,180.219050245256
epigenomics_9793_map_491,10096.93029189967,189.5871459570602
epigenomics_9793_map_492,9317.023333002346,185.7148324621445
epigenomics_9793_map_493,9435.883690783861,180.52503884593176
epigenomics_9793_map_494,11072.129497416197,183.79036750858563
epigenomics_9793_map_495,10211.583127579,182.46108097716012
epigenomics_9793_map_496,10868.592005729957,178.06085780911351
epigenomics_9793_map_497,9619.400679172004,186.48503556598186
epigenomics_9793_map_498,9225.120134261293,181.9070245319873
epigenomics_9793_map_499,10380.72119784398,177.01474204604636
epigenomics_9793_mapMerge1_0,130.84127778123266,117.31770597815847
epigenomics_9793_mapMerge1_1,119.99806643732835,121.70784041438391
epigenomics_9793_mapMerge2_0,143.3024973731017,123.94951104772542
epigenomics_9793_chr21_0,138.94215956138123,55.021003580341166
epigenomics_9793_pileup_0,153.28259061890472,69.87734419047057
