request,latency,mem
epigenomics_6328_entry_0,1.0,1.0
epigenomics_6328_fastqSplit_0,78.16097630083328,115.43274574776258
epigenomics_6328_fastqSplit_1,65.4633872058118,98.33483697821949
epigenomics_6328_filterContams_0,18.306477861488553,67.33584431060521
epigenomics_6328_filterContams_1,17.97621834387873,67.14206801695202
epigenomics_6328_filterContams_2,18.551930101028184,70.20285642451687
epigenomics_6328_filterContams_3,19.860972968089396,58.130508453437606
epigenomics_6328_filterContams_4,16.958696939334885,61.416658630858656
epigenomics_6328_filterContams_5,21.369119303349255,64.44703566407466
epigenomics_6328_filterContams_6,22.836958786750838,66.10513452233468
epigenomics_6328_filterContams_7,17.989743922834155,75.83486136159067
epigenomics_6328_filterContams_8,21.694846387477266,57.85573787760846
epigenomics_6328_filterContams_9,23.605624309168242,65.09383220925427
epigenomics_6328_filterContams_10,17.649141501276095,66.59987535601655
epigenomics_6328_filterContams_11,18.241940932119793,51.32598328563028
epigenomics_6328_filterContams_12,21.749415928101627,54.098332915103995
epigenomics_6328_filterContams_13,19.684444801423478,63.43692639856351
epigenomics_6328_filterContams_14,12.331396581164078,70.72733081734427
epigenomics_6328_filterContams_15,24.07906209661776,69.33795250235929
epigenomics_6328_filterContams_16,20.680165576799478,63.27834573540006
epigenomics_6328_filterContams_17,20.047774904546166,67.24157137184947
epigenomics_6328_filterContams_18,20.31432245199617,61.750939430398994
epigenomics_6328_filterContams_19,16.26396603836133,82.13241849680043
epigenomics_6328_filterContams_20,15.660590573083216,65.41298696117094
epigenomics_6328_filterContams_21,22.157513639780685,59.793755912231404
epigenomics_6328_filterContams_22,27.09918398558149,65.46744436992005
epigenomics_6328_filterContams_23,20.13579457962233,73.44192224170985
epigenomics_6328_filterContams_24,17.48917779084121,71.30601952644095
epigenomics_6328_filterContams_25,20.50207375962817,59.435834208305224
epigenomics_6328_filterContams_26,19.18906671011758,67.2772532086072
epigenomics_6328_filterContams_27,20.6559674330376,61.72684173215854
epigenomics_6328_filterContams_28,20.55117064484226,64.88019472867893
epigenomics_6328_filterContams_29,20.956802261113815,72.21522115650345
epigenomics_6328_filterContams_30,18.174523848480415,59.073843609360694
epigenomics_6328_filterContams_31,16.0203341697992,62.300213200609825
epigenomics_6328_filterContams_32,18.27877144840396,59.69845734778363
epigenomics_6328_filterContams_33,13.927491260993005,57.19162828577007
epigenomics_6328_filterContams_34,19.803501371105476,70.08525309124322
epigenomics_6328_filterContams_35,16.486996097019865,63.13499882238056
epigenomics_6328_filterContams_36,19.65713180482439,65.51098613149301
epigenomics_6328_filterContams_37,17.30983479863099,63.163674837682365
epigenomics_6328_filterContams_38,22.443485842872914,72.170913907002
epigenomics_6328_filterContams_39,15.98809040340414,57.79009033210518
epigenomics_6328_filterContams_40,24.224049512183388,65.35263506109439
epigenomics_6328_filterContams_41,17.794596285577335,64.61743926166459
epigenomics_6328_filterContams_42,22.462927552722316,64.32556640197556
epigenomics_6328_filterContams_43,23.962028960648478,69.75059483996186
epigenomics_6328_filterContams_44,9.81007531762122,59.93938463940351
epigenomics_6328_filterContams_45,15.48401576258272,52.21524101855555
epigenomics_6328_filterContams_46,19.496417631707377,68.87150615462954
epigenomics_6328_filterContams_47,17.07014196582364,65.34379264983123
epigenomics_6328_filterContams_48,24.725634503890724,67.06069644221225
epigenomics_6328_filterContams_49,13.351217738544689,60.45170373163094
epigenomics_6328_filterContams_50,20.346831533196845,63.50299698818955
epigenomics_6328_filterContams_51,22.328795602814253,60.294031762768
epigenomics_6328_filterContams_52,22.64924565789898,62.53291014065851
epigenomics_6328_filterContams_53,18.14703550234463,55.326072687641656
epigenomics_6328_filterContams_54,20.86933372999806,71.92514909511671
epigenomics_6328_filterContams_55,16.08876294615535,64.94292943717585
epigenomics_6328_filterContams_56,23.903398573082406,79.28682041060974
epigenomics_6328_filterContams_57,18.901939519814608,57.43481357915047
epigenomics_6328_filterContams_58,19.98762771073605,59.12688864309601
epigenomics_6328_filterContams_59,17.569370545181847,77.12985071096456
epigenomics_6328_filterContams_60,16.82908119163784,64.98923420335584
epigenomics_6328_filterContams_61,22.06607120465211,77.78163785909857
epigenomics_6328_filterContams_62,19.48142737366738,68.78726802350617
epigenomics_6328_filterContams_63,15.097707656091593,76.86278785018126
epigenomics_6328_filterContams_64,21.403940334642613,65.1190676218458
epigenomics_6328_filterContams_65,21.385752913521536,67.2397624390814
epigenomics_6328_filterContams_66,19.478396253919485,75.48801783932373
epigenomics_6328_filterContams_67,23.52217571199158,56.0383035819354
epigenomics_6328_filterContams_68,14.851975916662676,73.89214997128784
epigenomics_6328_filterContams_69,19.054671932861186,60.88742684726246
epigenomics_6328_filterContams_70,21.69272211496857,64.44768943298452
epigenomics_6328_filterContams_71,19.89397495607828,62.79248376469607
epigenomics_6328_filterContams_72,26.527723958665394,46.7161006475007
epigenomics_6328_filterContams_73,24.106262371244192,73.90543504136686
epigenomics_6328_filterContams_74,20.10565979797574,76.32085914140536
epigenomics_6328_filterContams_75,20.594404109760543,64.46070261341343
epigenomics_6328_filterContams_76,21.334108917508814,63.334640035995264
epigenomics_6328_filterContams_77,20.882378151420557,57.43009474911863
epigenomics_6328_filterContams_78,24.344776424006007,63.994740688145214
epigenomics_6328_filterContams_79,18.009077558327707,56.607664069392484
epigenomics_6328_filterContams_80,19.099560769437147,73.80784505857115
epigenomics_6328_filterContams_81,18.51995572983555,57.72949888494249
epigenomics_6328_filterContams_82,20.04810251216013,59.04155343572397
epigenomics_6328_filterContams_83,16.107666383536156,54.21236565360239
epigenomics_6328_filterContams_84,21.35489141624345,73.33906207342
epigenomics_6328_filterContams_85,20.450148170118396,55.23096192972922
epigenomics_6328_filterContams_86,26.675374206325234,72.28526496683351
epigenomics_6328_filterContams_87,17.737737329669905,63.6392640420008
epigenomics_6328_filterContams_88,22.535596428685977,66.20512593212939
epigenomics_6328_filterContams_89,21.94809217204455,71.1127330712052
epigenomics_6328_filterContams_90,21.49020280777387,63.57184254177552
epigenomics_6328_filterContams_91,19.310461562193442,64.07329825022633
epigenomics_6328_filterContams_92,20.376128857164954,79.5400088540397
epigenomics_6328_filterContams_93,20.6701346583599,72.28899527029128
epigenomics_6328_filterContams_94,21.11426126621811,74.51115336506982
epigenomics_6328_filterContams_95,16.31187336630218,62.097913989848664
epigenomics_6328_filterContams_96,17.14044942289394,60.468798884482155
epigenomics_6328_filterContams_97,24.04664094929632,71.02629581491071
epigenomics_6328_filterContams_98,23.27956125156771,63.31848215444287
epigenomics_6328_filterContams_99,16.60238745986317,71.14799098437463
epigenomics_6328_filterContams_100,18.028531560707144,71.11490700084454
epigenomics_6328_filterContams_101,16.729339548305322,64.33102776478272
epigenomics_6328_filterContams_102,26.637691455059823,66.36369659274726
epigenomics_6328_filterContams_103,19.677129878756418,77.23511875626161
epigenomics_6328_filterContams_104,22.83627334289471,64.67767709676767
epigenomics_6328_filterContams_105,16.277071002777415,60.60679439903997
epigenomics_6328_filterContams_106,22.596473361643092,58.53728107634785
epigenomics_6328_filterContams_107,19.445142377783732,71.12799761505899
epigenomics_6328_filterContams_108,26.48972620096436,90.03412209436576
epigenomics_6328_filterContams_109,24.18169994849778,59.251027055794026
epigenomics_6328_filterContams_110,17.62340768983578,63.56880525311129
epigenomics_6328_filterContams_111,21.528054489065042,55.098903320088986
epigenomics_6328_filterContams_112,21.9575731222591,79.17623965436621
epigenomics_6328_filterContams_113,17.915560429870162,78.77278665401863
epigenomics_6328_filterContams_114,19.907995870009376,75.4137242300689
epigenomics_6328_filterContams_115,17.121523056546803,54.05020370710159
epigenomics_6328_filterContams_116,15.724427576920979,63.81451131925361
epigenomics_6328_filterContams_117,20.914184793195588,73.319316504085
epigenomics_6328_filterContams_118,21.539374162428462,57.170110868921874
epigenomics_6328_filterContams_119,19.23887966102257,56.779031352231485
epigenomics_6328_filterContams_120,24.717535034263854,57.61316430557966
epigenomics_6328_filterContams_121,16.141812084743755,62.63316669918327
epigenomics_6328_filterContams_122,19.107747112539123,63.262438018823914
epigenomics_6328_filterContams_123,23.56121889290486,68.16465876313539
epigenomics_6328_filterContams_124,21.52268749714857,60.00065516011275
epigenomics_6328_filterContams_125,19.999818718028344,52.29113061409176
epigenomics_6328_filterContams_126,22.857824245109896,70.25549239518818
epigenomics_6328_filterContams_127,19.56399888179319,66.69242353595314
epigenomics_6328_filterContams_128,23.000799507241446,66.53742320659451
epigenomics_6328_filterContams_129,24.222501058754105,74.47698577834018
epigenomics_6328_filterContams_130,23.85364295589945,76.88277719151304
epigenomics_6328_filterContams_131,18.55139352470773,42.49790591601679
epigenomics_6328_filterContams_132,16.599241290538153,69.28337868499469
epigenomics_6328_filterContams_133,20.909988974813405,72.8524121396189
epigenomics_6328_filterContams_134,21.808455985959156,49.09241974071055
epigenomics_6328_filterContams_135,16.268400304795847,65.55540234257391
epigenomics_6328_filterContams_136,19.30804537518803,77.15402797194761
epigenomics_6328_filterContams_137,17.49540691505727,67.30725730509752
epigenomics_6328_filterContams_138,20.633258073951307,80.58503525912346
epigenomics_6328_filterContams_139,20.481940668769337,67.69230574453098
epigenomics_6328_filterContams_140,20.02103527961327,79.21878035867694
epigenomics_6328_filterContams_141,20.620064323443643,70.65962443385632
epigenomics_6328_filterContams_142,18.49397684324017,55.69404291239939
epigenomics_6328_filterContams_143,18.00056438022116,69.65450636690042
epigenomics_6328_filterContams_144,22.08954212276084,69.17246083057722
epigenomics_6328_filterContams_145,21.703050433646478,53.349835972132354
epigenomics_6328_filterContams_146,19.26361151025547,74.42589193014108
epigenomics_6328_filterContams_147,22.16342772588669,70.4016423118756
epigenomics_6328_filterContams_148,19.19574052771024,66.53810198986281
epigenomics_6328_filterContams_149,15.750185104168395,58.598361348503275
epigenomics_6328_filterContams_150,14.524432598600598,66.84222477274122
epigenomics_6328_filterContams_151,19.80074558760119,82.40016403454501
epigenomics_6328_filterContams_152,26.065456290374108,66.58294028915168
epigenomics_6328_filterContams_153,21.864444777947046,64.12122857729511
epigenomics_6328_filterContams_154,21.21925398803355,73.97345935070452
epigenomics_6328_filterContams_155,21.066713582574902,63.8226940031091
epigenomics_6328_filterContams_156,19.624430955624064,64.2195161617572
epigenomics_6328_filterContams_157,18.974435151104473,54.06106217935968
epigenomics_6328_filterContams_158,17.27000260450937,57.61118981239369
epigenomics_6328_filterContams_159,20.036433500411558,64.4644732202938
epigenomics_6328_filterContams_160,22.51263761571154,71.97633179991847
epigenomics_6328_filterContams_161,20.243584590680545,69.48575095717709
epigenomics_6328_filterContams_162,20.781338962569162,59.59667714552545
epigenomics_6328_filterContams_163,25.85875191272627,69.06604264335483
epigenomics_6328_filterContams_164,15.520261222195865,69.3259910871907
epigenomics_6328_filterContams_165,16.50034298546134,61.47505927481781
epigenomics_6328_filterContams_166,23.72332870783743,70.2007855182568
epigenomics_6328_filterContams_167,18.05749472605991,65.51108301235583
epigenomics_6328_filterContams_168,24.244290588949962,57.21907279842091
epigenomics_6328_filterContams_169,19.80746534854456,70.14906846457947
epigenomics_6328_filterContams_170,19.05475830201335,62.25598301880028
epigenomics_6328_filterContams_171,17.42300997582171,79.84613895674804
epigenomics_6328_filterContams_172,19.26673159543733,73.40023680522845
epigenomics_6328_filterContams_173,21.550149606064668,67.6086684314471
epigenomics_6328_filterContams_174,17.99986707191207,79.89395450804591
epigenomics_6328_filterContams_175,21.052140836332015,65.4753950152756
epigenomics_6328_filterContams_176,21.407451961370015,70.86829855728352
epigenomics_6328_filterContams_177,29.442547403502058,71.20085361451068
epigenomics_6328_filterContams_178,20.6888411635875,63.30195266884778
epigenomics_6328_filterContams_179,23.057550663467055,63.707760471547495
epigenomics_6328_filterContams_180,18.548410410900452,66.16509702174547
epigenomics_6328_filterContams_181,20.432621826317114,63.94512335396192
epigenomics_6328_filterContams_182,19.61525122333656,63.24644078226673
epigenomics_6328_filterContams_183,24.432833863613837,55.608214734337565
epigenomics_6328_filterContams_184,20.205688285245103,67.27947905397012
epigenomics_6328_filterContams_185,17.37174621319597,68.2280913162407
epigenomics_6328_filterContams_186,27.319918025815767,56.52033541669027
epigenomics_6328_filterContams_187,22.033507039617426,75.41909692331825
epigenomics_6328_filterContams_188,16.985136465912134,55.803588599643405
epigenomics_6328_filterContams_189,20.662903772924718,54.95931500079266
epigenomics_6328_filterContams_190,15.96488094311804,62.50407548222547
epigenomics_6328_filterContams_191,20.711339454227623,72.57044063071757
epigenomics_6328_filterContams_192,21.47225930899589,59.234828899696375
epigenomics_6328_filterContams_193,17.920761268302975,62.631316935512416
epigenomics_6328_filterContams_194,22.815078060980426,58.446182032683474
epigenomics_6328_filterContams_195,20.019178749557952,61.529316540348695
epigenomics_6328_filterContams_196,23.37425473033062,52.35900758653149
epigenomics_6328_filterContams_197,20.066004946807404,70.65090586810392
epigenomics_6328_filterContams_198,23.764137099140505,69.18926394694543
epigenomics_6328_filterContams_199,21.653821721428045,65.66703215775509
epigenomics_6328_filterContams_200,22.238951372735244,77.78419998534854
epigenomics_6328_filterContams_201,20.241734264254596,77.33145418207083
epigenomics_6328_filterContams_202,21.85568320427163,56.16798367797735
epigenomics_6328_filterContams_203,16.910755973885077,59.168174752838496
epigenomics_6328_filterContams_204,19.26855228241406,73.11569672087812
epigenomics_6328_filterContams_205,21.72414152803886,54.05226058533542
epigenomics_6328_filterContams_206,24.90809717364295,75.5708260482853
epigenomics_6328_filterContams_207,15.027673475472088,62.75865853772692
epigenomics_6328_filterContams_208,17.649701566557276,67.0982739742021
epigenomics_6328_filterContams_209,24.227477373637463,73.45452343793248
epigenomics_6328_filterContams_210,22.221157440959985,57.580133969462125
epigenomics_6328_filterContams_211,19.84014200232792,62.92130845750769
epigenomics_6328_filterContams_212,18.83831238665737,74.97960957319694
epigenomics_6328_filterContams_213,18.41219821440044,67.63748160956709
epigenomics_6328_filterContams_214,26.612826788880813,64.54860034697418
epigenomics_6328_filterContams_215,21.45043967230156,60.458928143671336
epigenomics_6328_filterContams_216,14.642194761406252,71.10004040895743
epigenomics_6328_filterContams_217,19.59311822227815,56.023257043532894
epigenomics_6328_filterContams_218,25.116568239323783,63.84931978852704
epigenomics_6328_filterContams_219,21.789630785600522,55.74724771400748
epigenomics_6328_filterContams_220,18.772452860635763,65.8634543290888
epigenomics_6328_filterContams_221,19.987817911663143,65.47856118656682
epigenomics_6328_filterContams_222,21.98643695001265,58.825190470436254
epigenomics_6328_filterContams_223,24.61164814530875,63.319360362982465
epigenomics_6328_filterContams_224,24.897291319528755,67.69372559548613
epigenomics_6328_filterContams_225,16.98733773216297,69.56144610702515
epigenomics_6328_filterContams_226,16.580500457939348,65.14499909945297
epigenomics_6328_filterContams_227,18.096369229990202,70.71379546873764
epigenomics_6328_filterContams_228,18.667777698870477,61.01570109782341
epigenomics_6328_filterContams_229,19.212406484961264,66.17091755936704
epigenomics_6328_filterContams_230,21.41864110263384,60.66410448029374
epigenomics_6328_filterContams_231,13.65268198477529,66.31947865825967
epigenomics_6328_filterContams_232,13.337402952517374,78.15839073430185
epigenomics_6328_filterContams_233,19.96086277875336,61.47117236736369
epigenomics_6328_filterContams_234,16.210081344122184,68.26433095072686
epigenomics_6328_filterContams_235,22.763878879926658,62.652304130037564
epigenomics_6328_filterContams_236,20.170752119049062,54.07929553880831
epigenomics_6328_filterContams_237,18.19224544483087,59.698137074332635
epigenomics_6328_filterContams_238,24.08748289896862,55.94870702601615
epigenomics_6328_filterContams_239,17.37775628150214,58.23722940199336
epigenomics_6328_filterContams_240,22.89542707960067,55.00927005164342
epigenomics_6328_filterContams_241,22.087268291472334,57.24898130786422
epigenomics_6328_filterContams_242,23.228990193189404,72.01855929558641
epigenomics_6328_filterContams_243,22.029953137319016,60.45876321729537
epigenomics_6328_filterContams_244,18.91581123101187,55.4948385661211
epigenomics_6328_filterContams_245,16.966239257845714,60.59731732532374
epigenomics_6328_filterContams_246,19.276821450951072,63.52336326051276
epigenomics_6328_filterContams_247,17.212964685781476,60.83412145637222
epigenomics_6328_filterContams_248,20.355846392746322,67.09703720826556
epigenomics_6328_filterContams_249,18.546199884390287,52.734045049481026
epigenomics_6328_filterContams_250,20.341534092122686,65.19825052282816
epigenomics_6328_filterContams_251,18.635169432839398,55.335801917015644
epigenomics_6328_filterContams_252,23.622122583753498,76.44055998818033
epigenomics_6328_filterContams_253,20.885808870300238,55.473241469137974
epigenomics_6328_filterContams_254,19.551625154206125,66.40292717621449
epigenomics_6328_filterContams_255,23.594219848920535,52.15369982552822
epigenomics_6328_filterContams_256,22.00986171480207,64.79165358161039
epigenomics_6328_filterContams_257,19.54629098737769,68.90515327225845
epigenomics_6328_filterContams_258,20.00205119019513,69.85114914277432
epigenomics_6328_filterContams_259,17.17137478082212,64.74921563271438
epigenomics_6328_filterContams_260,22.68233186138506,57.790894108014356
epigenomics_6328_filterContams_261,20.615280084755828,58.86480703263917
epigenomics_6328_filterContams_262,19.95211399430814,50.31509445472152
epigenomics_6328_filterContams_263,18.450380425274354,61.56410236953265
epigenomics_6328_filterContams_264,18.803685336948828,76.03345790504962
epigenomics_6328_filterContams_265,16.519434066658988,74.6436805397382
epigenomics_6328_filterContams_266,24.132546027965184,65.65600966379291
epigenomics_6328_filterContams_267,17.08511321691441,57.32470689300851
epigenomics_6328_filterContams_268,17.63363111133976,63.75226490735534
epigenomics_6328_filterContams_269,23.684199214452384,78.72257211011261
epigenomics_6328_filterContams_270,17.364978058654202,66.44132017531106
epigenomics_6328_filterContams_271,15.739434604948212,80.66694619574403
epigenomics_6328_filterContams_272,19.6613138510736,74.20035321141275
epigenomics_6328_filterContams_273,21.59922050738423,61.482914516782635
epigenomics_6328_filterContams_274,15.70617521381084,55.531125869327205
epigenomics_6328_filterContams_275,22.88537338106986,72.52920869351401
epigenomics_6328_filterContams_276,18.27804911403815,70.57239482250532
epigenomics_6328_filterContams_277,16.555848713533145,55.07688498255308
epigenomics_6328_filterContams_278,16.37888414431437,65.17669194515032
epigenomics_6328_filterContams_279,25.42116213819731,80.35448063130505
epigenomics_6328_filterContams_280,21.874570628456517,72.35016791519426
epigenomics_6328_filterContams_281,14.701377880860578,66.3425244938639
epigenomics_6328_filterContams_282,19.625237212898554,66.26729547181587
epigenomics_6328_filterContams_283,21.46646599620799,61.17991516474245
epigenomics_6328_filterContams_284,21.450873288917983,72.1797999108638
epigenomics_6328_filterContams_285,20.345722012885833,56.969000260460376
epigenomics_6328_filterContams_286,20.064587995584876,46.535963123062174
epigenomics_6328_filterContams_287,21.203145175617756,71.05525174571332
epigenomics_6328_filterContams_288,23.84855746557926,76.89230414775346
epigenomics_6328_filterContams_289,17.637963224550454,55.62398273016336
epigenomics_6328_filterContams_290,16.430715062620674,63.43290435440895
epigenomics_6328_filterContams_291,19.43340320529028,62.24448767644999
epigenomics_6328_filterContams_292,20.830975473224132,59.37854965968866
epigenomics_6328_filterContams_293,19.206315228215825,63.00972284449312
epigenomics_6328_filterContams_294,25.875407301288888,62.977240303142906
epigenomics_6328_filterContams_295,19.455902928099622,71.61858395153865
epigenomics_6328_filterContams_296,17.21243778907919,47.696476214844395
epigenomics_6328_filterContams_297,21.25354664588858,68.72869524439184
epigenomics_6328_filterContams_298,18.594270993106882,50.08909730975545
epigenomics_6328_filterContams_299,17.46906389451927,65.10430919603549
epigenomics_6328_filterContams_300,10.960731840809881,82.07352420590338
epigenomics_6328_filterContams_301,23.25012738027281,55.63191147340745
epigenomics_6328_filterContams_302,18.52194837681205,64.74712823920281
epigenomics_6328_filterContams_303,21.436533187795774,76.78866417281961
epigenomics_6328_filterContams_304,18.73387888854646,76.78864051178302
epigenomics_6328_filterContams_305,16.204413061302027,59.050376759946545
epigenomics_6328_filterContams_306,15.791958709238433,65.82262629749692
epigenomics_6328_filterContams_307,21.80170243279253,65.14727858918553
epigenomics_6328_filterContams_308,16.963617536508288,70.89205201375734
epigenomics_6328_filterContams_309,20.81556963001254,57.76231740807163
epigenomics_6328_filterContams_310,24.464582340295348,80.67079735712466
epigenomics_6328_filterContams_311,28.517745626773213,61.018459669786296
epigenomics_6328_filterContams_312,20.045805727626618,66.48532864648952
epigenomics_6328_filterContams_313,17.960230182011895,64.61988672790213
epigenomics_6328_filterContams_314,25.584962600368165,72.64239463372101
epigenomics_6328_filterContams_315,21.320855539730175,74.9034321062631
epigenomics_6328_filterContams_316,16.767569560714538,65.1880969098649
epigenomics_6328_filterContams_317,19.932386405797306,64.6452761406181
epigenomics_6328_filterContams_318,21.413265402210147,67.02583194384749
epigenomics_6328_filterContams_319,14.741797698711245,67.91995789049959
epigenomics_6328_filterContams_320,23.694013687364915,56.53387316602683
epigenomics_6328_filterContams_321,18.10549337864719,61.016245215769416
epigenomics_6328_filterContams_322,19.414763474360328,56.13701705184526
epigenomics_6328_filterContams_323,22.990718669313154,50.73297348486266
epigenomics_6328_filterContams_324,21.03079284379388,69.5685314984145
epigenomics_6328_filterContams_325,25.065655583014053,80.35215418599026
epigenomics_6328_filterContams_326,21.92969899317123,63.57536872219274
epigenomics_6328_filterContams_327,19.635852067530823,54.64463897856616
epigenomics_6328_filterContams_328,15.798794562331869,71.20501511742029
epigenomics_6328_filterContams_329,20.701426567443107,61.99944553699193
epigenomics_6328_filterContams_330,23.14658102740729,54.272202540002624
epigenomics_6328_filterContams_331,20.281825883415735,54.585270251799905
epigenomics_6328_filterContams_332,19.490395452143204,68.79344823339149
epigenomics_6328_filterContams_333,18.594530238844346,71.9916930388798
epigenomics_6328_filterContams_334,18.867137443889323,75.54488204527149
epigenomics_6328_filterContams_335,17.90547121549109,69.81810096405705
epigenomics_6328_filterContams_336,21.01282692409649,71.82836981599768
epigenomics_6328_filterContams_337,23.11219857753322,80.79034211499766
epigenomics_6328_filterContams_338,20.044083173203074,53.99397724928079
epigenomics_6328_filterContams_339,21.463886994303344,61.218849485468276
epigenomics_6328_filterContams_340,17.54473837965414,56.513238631371
epigenomics_6328_filterContams_341,20.10020765523116,62.26456337863418
epigenomics_6328_filterContams_342,21.121375133210872,72.01712165624603
epigenomics_6328_filterContams_343,18.47455059028141,59.39419951572501
epigenomics_6328_filterContams_344,18.093896613458043,50.60165930081246
epigenomics_6328_filterContams_345,17.863369699186116,65.12191544862475
epigenomics_6328_filterContams_346,17.02279339228189,75.40025191808012
epigenomics_6328_filterContams_347,21.335353289059057,79.53827393215705
epigenomics_6328_filterContams_348,18.6086874484281,65.44900259962489
epigenomics_6328_filterContams_349,18.468862693182817,61.70374444699938
epigenomics_6328_filterContams_350,23.170465692053924,71.62400229815422
epigenomics_6328_filterContams_351,17.830211932117248,63.72156769536907
epigenomics_6328_filterContams_352,16.90439224476395,62.997939029906796
epigenomics_6328_filterContams_353,24.86792285263695,63.964757133503475
epigenomics_6328_filterContams_354,21.328847237318833,69.09434008520158
epigenomics_6328_filterContams_355,19.017125262245358,68.83357301512793
epigenomics_6328_filterContams_356,20.653673388336564,64.68173778484378
epigenomics_6328_filterContams_357,24.8119883415313,65.31462869459753
epigenomics_6328_filterContams_358,27.342302560458442,53.07343545804697
epigenomics_6328_filterContams_359,18.637055536980697,55.532312704156126
epigenomics_6328_filterContams_360,19.086289767590902,62.786743374044555
epigenomics_6328_filterContams_361,18.214175210266088,50.90726357714727
epigenomics_6328_filterContams_362,17.532522335061714,57.67154038808257
epigenomics_6328_filterContams_363,23.600501296075603,64.51647026467687
epigenomics_6328_filterContams_364,20.850799624834387,75.8238730248834
epigenomics_6328_filterContams_365,18.518616125313997,60.90502910941363
epigenomics_6328_filterContams_366,18.801081787247618,53.702845946593754
epigenomics_6328_filterContams_367,20.008020852984917,76.29365290508436
epigenomics_6328_filterContams_368,20.11718042523409,60.39797356475345
epigenomics_6328_filterContams_369,20.502237002184707,60.372810988192604
epigenomics_6328_filterContams_370,15.396668835079145,55.64938212435882
epigenomics_6328_filterContams_371,17.352669659607045,59.65280749714503
epigenomics_6328_filterContams_372,19.888541655035382,65.03790769960561
epigenomics_6328_filterContams_373,20.79689151815529,67.00674341405178
epigenomics_6328_filterContams_374,21.89785724985284,62.512801553766934
epigenomics_6328_filterContams_375,18.523509912461005,56.63618952186106
epigenomics_6328_filterContams_376,20.81567240720345,69.9978967590209
epigenomics_6328_filterContams_377,18.993062917093475,57.7254671454173
epigenomics_6328_filterContams_378,21.56586549491037,72.3110114286333
epigenomics_6328_filterContams_379,15.989797689499028,51.46267497878813
epigenomics_6328_filterContams_380,19.97708664687646,71.76036619741758
epigenomics_6328_filterContams_381,23.0534453915555,60.96848319218229
epigenomics_6328_filterContams_382,23.2322595754483,74.83329867454191
epigenomics_6328_filterContams_383,18.980963108198722,79.02957466577844
epigenomics_6328_filterContams_384,18.880241626930097,68.30101374192773
epigenomics_6328_filterContams_385,24.033701359646606,51.08488573283124
epigenomics_6328_filterContams_386,25.12765677049753,55.78066667133387
epigenomics_6328_filterContams_387,23.02082107941459,68.86983351555818
epigenomics_6328_filterContams_388,17.49336694326522,63.78438357020921
epigenomics_6328_filterContams_389,23.92280012678104,58.88573822596962
epigenomics_6328_filterContams_390,18.696895949285977,64.19487729579214
epigenomics_6328_filterContams_391,20.060353822153346,64.5358743592278
epigenomics_6328_filterContams_392,20.80487781225292,89.5635416309209
epigenomics_6328_filterContams_393,15.556995630242415,61.015399160954644
epigenomics_6328_filterContams_394,21.56542660638844,65.5933728889726
epigenomics_6328_filterContams_395,23.653355346882442,62.86547012102681
epigenomics_6328_filterContams_396,21.01304909611211,69.67193719058923
epigenomics_6328_filterContams_397,18.321911921105205,64.95372588592095
epigenomics_6328_filterContams_398,21.604942954479053,66.20167672560879
epigenomics_6328_filterContams_399,16.665311632793998,49.886602338476784
epigenomics_6328_filterContams_400,19.41908612084212,67.36309515484203
epigenomics_6328_filterContams_401,16.742811180984535,73.70260125365465
epigenomics_6328_filterContams_402,19.218377271979367,60.4716088984601
epigenomics_6328_filterContams_403,17.213866672969264,74.90950586643248
epigenomics_6328_filterContams_404,19.15014044351665,66.1059437718901
epigenomics_6328_filterContams_405,17.985681738775032,70.08494115064892
epigenomics_6328_filterContams_406,18.149901555305767,57.53333352115875
epigenomics_6328_filterContams_407,22.544505940657164,70.46450925596295
epigenomics_6328_filterContams_408,23.17325666427789,55.50186714639762
epigenomics_6328_filterContams_409,20.453299077761557,60.18535095415344
epigenomics_6328_filterContams_410,19.71036042059107,63.67409140445258
epigenomics_6328_filterContams_411,22.3780496952221,58.18709760082342
epigenomics_6328_filterContams_412,22.23618400879123,56.9577988859396
epigenomics_6328_filterContams_413,20.588759620593525,79.12005433851795
epigenomics_6328_filterContams_414,17.621838779519283,63.66576667979151
epigenomics_6328_filterContams_415,20.152803828472795,68.11078001975817
epigenomics_6328_filterContams_416,24.06222926368764,63.63024332937999
epigenomics_6328_filterContams_417,22.792834242012958,70.18384837605974
epigenomics_6328_filterContams_418,18.376525167427346,58.07122715628664
epigenomics_6328_filterContams_419,15.509976536502263,73.81080747315994
epigenomics_6328_filterContams_420,17.634117190689334,64.76227870732198
epigenomics_6328_filterContams_421,20.29042832598661,62.82059817934675
epigenomics_6328_filterContams_422,19.381360111639168,70.6954567171133
epigenomics_6328_filterContams_423,20.362303479329597,54.661671171193206
epigenomics_6328_filterContams_424,24.953309102744548,63.69604439224724
epigenomics_6328_filterContams_425,20.567129114507203,63.23669609514634
epigenomics_6328_filterContams_426,13.811573905930073,55.31303168239936
epigenomics_6328_filterContams_427,15.539578293927327,63.809093332390674
epigenomics_6328_filterContams_428,19.054578594334615,71.00302715805124
epigenomics_6328_filterContams_429,18.766746639450062,69.57076204179566
epigenomics_6328_filterContams_430,22.227788988006065,70.04861947302602
epigenomics_6328_filterContams_431,19.53824252363275,78.68703855190577
epigenomics_6328_filterContams_432,19.279259511056438,65.0740972607316
epigenomics_6328_filterContams_433,24.12560039576973,59.73375908871089
epigenomics_6328_filterContams_434,16.458781656927556,73.78293747854102
epigenomics_6328_filterContams_435,23.87600076905325,75.20780308429019
epigenomics_6328_filterContams_436,20.718078452555332,63.4596813860119
epigenomics_6328_filterContams_437,25.606302974985677,73.80557751915015
epigenomics_6328_filterContams_438,25.64150380337046,69.19569078860555
epigenomics_6328_filterContams_439,26.47008648713878,82.92281850799787
epigenomics_6328_filterContams_440,21.869844663513643,62.57736659933313
epigenomics_6328_filterContams_441,24.148267383434984,59.570908813350016
epigenomics_6328_filterContams_442,24.662076802096863,59.79019422214574
epigenomics_6328_filterContams_443,17.68261972043306,77.24355044062852
epigenomics_6328_filterContams_444,20.282280816180755,71.44635297135271
epigenomics_6328_filterContams_445,15.084353359254534,56.767405845691165
epigenomics_6328_filterContams_446,22.697677268314205,66.44053599311779
epigenomics_6328_filterContams_447,15.045471039279633,76.9703828599817
epigenomics_6328_filterContams_448,18.85391355812525,62.165487900201946
epigenomics_6328_filterContams_449,17.70034492075353,64.74787580323787
epigenomics_6328_filterContams_450,22.931924920743636,63.6473732655891
epigenomics_6328_filterContams_451,22.963743316475657,51.301111308567556
epigenomics_6328_filterContams_452,17.432909958904435,69.56336907486866
epigenomics_6328_filterContams_453,19.58571754131684,62.83534531247793
epigenomics_6328_filterContams_454,23.436663577500436,80.35932073116003
epigenomics_6328_filterContams_455,18.97297052922545,64.96290217982198
epigenomics_6328_filterContams_456,17.359266839773056,70.532980837069
epigenomics_6328_filterContams_457,20.59192135490593,62.91987509637024
epigenomics_6328_filterContams_458,21.589066898987294,76.25156052603154
epigenomics_6328_filterContams_459,16.862293691588697,76.06094120104706
epigenomics_6328_filterContams_460,17.795373649622583,72.22361633667936
epigenomics_6328_filterContams_461,18.381601982901103,67.78019558951172
epigenomics_6328_filterContams_462,19.765356610949826,64.18588746949465
epigenomics_6328_filterContams_463,20.454961287052697,56.10647752723771
epigenomics_6328_filterContams_464,16.410377676463956,58.67459829829075
epigenomics_6328_filterContams_465,21.112985726591972,72.79414272575652
epigenomics_6328_filterContams_466,15.087761348057413,59.03888162093029
epigenomics_6328_filterContams_467,20.903793050521706,57.4366991594178
epigenomics_6328_filterContams_468,14.792683988281176,64.83434221962322
epigenomics_6328_filterContams_469,21.147999751008804,53.27831766834288
epigenomics_6328_filterContams_470,22.546306880455322,56.58183089553337
epigenomics_6328_filterContams_471,22.183428471463863,61.05052298009528
epigenomics_6328_filterContams_472,18.748986256399228,68.53704971634211
epigenomics_6328_filterContams_473,18.98351328677405,73.99554353960265
epigenomics_6328_filterContams_474,25.766875364635805,67.65940333881849
epigenomics_6328_filterContams_475,18.913898971390278,60.93931510273
epigenomics_6328_filterContams_476,26.028288393851614,65.00563746452828
epigenomics_6328_filterContams_477,21.528588330663176,76.4147350317346
epigenomics_6328_filterContams_478,19.175299097856207,61.23785787512475
epigenomics_6328_filterContams_479,18.12176442813919,70.82148258963717
epigenomics_6328_filterContams_480,16.8039167543624,68.19502031554302
epigenomics_6328_filterContams_481,21.817916367324656,61.42065108028853
epigenomics_6328_filterContams_482,21.68747560219475,67.11888172910736
epigenomics_6328_filterContams_483,20.289003240491745,64.10765489999652
epigenomics_6328_filterContams_484,17.625866944793888,59.6090796654382
epigenomics_6328_filterContams_485,23.8482081378132,52.59508148782086
epigenomics_6328_filterContams_486,17.832968462562643,61.7281510876278
epigenomics_6328_filterContams_487,21.32070270631387,62.45032419246219
epigenomics_6328_filterContams_488,19.773765084745204,73.73206340021581
epigenomics_6328_filterContams_489,17.195385084371615,50.07476659921446
epigenomics_6328_filterContams_490,20.155489453803707,60.97900631421025
epigenomics_6328_filterContams_491,17.2273050054167,53.916077346079625
epigenomics_6328_filterContams_492,25.188267685048856,63.57758591554791
epigenomics_6328_filterContams_493,17.817607380275774,64.89902543789238
epigenomics_6328_filterContams_494,19.863121346852733,54.701560213405415
epigenomics_6328_filterContams_495,17.433073027435253,67.906575606702
epigenomics_6328_filterContams_496,17.1138184870349,64.03475976947945
epigenomics_6328_filterContams_497,17.7556097919473,63.46780025516956
epigenomics_6328_filterContams_498,18.041363939657188,56.204565342292895
epigenomics_6328_filterContams_499,25.63957433792683,71.14422617611133
epigenomics_6328_sol2sanger_0,79.7395568129655,56.74382721894091
epigenomics_6328_sol2sanger_1,68.67495193653573,49.90534035989184
epigenomics_6328_sol2sanger_2,85.49264878539846,39.0778653309404
epigenomics_6328_sol2sanger_3,83.14003379070587,40.18189736370114
epigenomics_6328_sol2sanger_4,81.99046038137247,46.70719747630263
epigenomics_6328_sol2sanger_5,74.69525059885116,42.465771102729484
epigenomics_6328_sol2sanger_6,80.659792080591,46.23593501885972
epigenomics_6328_sol2sanger_7,78.4270242454849,47.27215761970978
epigenomics_6328_sol2sanger_8,76.71164322979693,52.13372842663708
epigenomics_6328_sol2sanger_9,79.87260065733365,56.309532998917575
epigenomics_6328_sol2sanger_10,84.40513391995502,59.65924736241582
epigenomics_6328_sol2sanger_11,82.16067257489061,44.69743395195094
epigenomics_6328_sol2sanger_12,75.84635217547087,45.53404646733206
epigenomics_6328_sol2sanger_13,86.51482371032758,34.50769034999733
epigenomics_6328_sol2sanger_14,79.72471286243598,33.5967777024647
epigenomics_6328_sol2sanger_15,72.23675188573442,46.07069144039649
epigenomics_6328_sol2sanger_16,77.63409592450232,57.15266176076696
epigenomics_6328_sol2sanger_17,75.55723028426084,54.26132544149652
epigenomics_6328_sol2sanger_18,79.421286703962,54.923007178738395
epigenomics_6328_sol2sanger_19,80.17182226071667,42.5928549688724
epigenomics_6328_sol2sanger_20,91.4981723231584,38.81063978319634
epigenomics_6328_sol2sanger_21,76.34869287138261,59.24960764556938
epigenomics_6328_sol2sanger_22,82.55077545971683,53.74298068413339
epigenomics_6328_sol2sanger_23,83.94143992717366,34.196977295498414
epigenomics_6328_sol2sanger_24,87.53990701903801,44.56031929402345
epigenomics_6328_sol2sanger_25,79.99849835003228,35.33519593995047
epigenomics_6328_sol2sanger_26,88.6229467227544,37.410708270214215
epigenomics_6328_sol2sanger_27,70.65187813215157,62.68334255694047
epigenomics_6328_sol2sanger_28,85.80049801190162,51.035555957208274
epigenomics_6328_sol2sanger_29,72.02350752705894,51.74216631373116
epigenomics_6328_sol2sanger_30,73.73020854304896,53.456129250774566
epigenomics_6328_sol2sanger_31,84.1296737842096,45.63208821619684
epigenomics_6328_sol2sanger_32,85.79453300852427,52.02711592999331
epigenomics_6328_sol2sanger_33,76.84317523302887,53.726822694694015
epigenomics_6328_sol2sanger_34,87.84814348416623,44.1128907350778
epigenomics_6328_sol2sanger_35,85.9629633788538,28.60758791068853
epigenomics_6328_sol2sanger_36,85.82900612956118,53.64161317905743
epigenomics_6328_sol2sanger_37,89.02912885028772,49.014527993532816
epigenomics_6328_sol2sanger_38,85.57170791202323,54.644254999129714
epigenomics_6328_sol2sanger_39,72.43327566651737,42.3707849210389
epigenomics_6328_sol2sanger_40,80.71677813586723,44.30039067497576
epigenomics_6328_sol2sanger_41,77.59953945916044,40.17931826245101
epigenomics_6328_sol2sanger_42,81.9006995922357,54.491390251215506
epigenomics_6328_sol2sanger_43,87.00613342356468,35.58327606780349
epigenomics_6328_sol2sanger_44,74.9130694290418,45.928378284943186
epigenomics_6328_sol2sanger_45,82.23847262407484,33.79204939271483
epigenomics_6328_sol2sanger_46,84.80755748714337,53.38629237571514
epigenomics_6328_sol2sanger_47,75.74518602975806,39.26985598962393
epigenomics_6328_sol2sanger_48,80.38204754282643,45.04267292936175
epigenomics_6328_sol2sanger_49,76.33033200271977,31.073742490780596
epigenomics_6328_sol2sanger_50,82.38844850006633,45.09945939608683
epigenomics_6328_sol2sanger_51,80.26897502904669,48.613484600024826
epigenomics_6328_sol2sanger_52,83.74001478863956,47.87999266427465
epigenomics_6328_sol2sanger_53,78.5607344927949,49.695996886590294
epigenomics_6328_sol2sanger_54,80.7455273631129,36.84248319294073
epigenomics_6328_sol2sanger_55,92.55401853375832,45.9980908118849
epigenomics_6328_sol2sanger_56,77.2211585840685,36.30934693813344
epigenomics_6328_sol2sanger_57,73.52522983103427,52.18308851383151
epigenomics_6328_sol2sanger_58,73.53563885718295,41.353098886776706
epigenomics_6328_sol2sanger_59,81.48405487095869,54.0334406055171
epigenomics_6328_sol2sanger_60,84.8275125680731,50.488715798046954
epigenomics_6328_sol2sanger_61,84.50171928479733,11.62886066687625
epigenomics_6328_sol2sanger_62,86.81349195978817,49.404134110188906
epigenomics_6328_sol2sanger_63,79.11636230149959,55.55434874975168
epigenomics_6328_sol2sanger_64,79.15237110418528,47.235424319787164
epigenomics_6328_sol2sanger_65,82.65366077018074,49.53440189335284
epigenomics_6328_sol2sanger_66,73.66279144098579,42.42126179725119
epigenomics_6328_sol2sanger_67,80.97569167321608,49.07391399663078
epigenomics_6328_sol2sanger_68,77.08180454650696,40.31003436660015
epigenomics_6328_sol2sanger_69,80.83014924955235,41.962300537574805
epigenomics_6328_sol2sanger_70,87.02736257881895,51.0206158827663
epigenomics_6328_sol2sanger_71,81.22726669693537,48.27178321870711
epigenomics_6328_sol2sanger_72,95.75042789257148,33.28920682073578
epigenomics_6328_sol2sanger_73,79.63200521065514,30.07747222759486
epigenomics_6328_sol2sanger_74,76.21618507999906,57.8734039484947
epigenomics_6328_sol2sanger_75,85.65246974514739,28.788640118914167
epigenomics_6328_sol2sanger_76,80.41371180488295,48.29897100122541
epigenomics_6328_sol2sanger_77,81.34548809788546,28.155947337265033
epigenomics_6328_sol2sanger_78,80.79924368610682,43.55349408526826
epigenomics_6328_sol2sanger_79,73.28375573414843,47.33952582804159
epigenomics_6328_sol2sanger_80,78.79440468625398,39.10727574126308
epigenomics_6328_sol2sanger_81,80.28836430813494,47.36647639682397
epigenomics_6328_sol2sanger_82,82.06133084385199,52.306636763068575
epigenomics_6328_sol2sanger_83,79.50849407990296,49.22916811148685
epigenomics_6328_sol2sanger_84,79.23982169019501,44.58054896805649
epigenomics_6328_sol2sanger_85,83.49956649358874,40.50141969599318
epigenomics_6328_sol2sanger_86,74.95400981109067,34.85757018050113
epigenomics_6328_sol2sanger_87,77.97527463374128,32.84917826368955
epigenomics_6328_sol2sanger_88,74.88184505739586,53.230364989727306
epigenomics_6328_sol2sanger_89,89.80877380742925,34.30045168056988
epigenomics_6328_sol2sanger_90,74.73090648720803,44.36980323245101
epigenomics_6328_sol2sanger_91,72.91843791676266,52.130585399111844
epigenomics_6328_sol2sanger_92,84.24969635932534,41.90129953296337
epigenomics_6328_sol2sanger_93,75.33011737845366,41.346895659956125
epigenomics_6328_sol2sanger_94,72.5373352210073,45.50875896306216
epigenomics_6328_sol2sanger_95,69.17823626111397,48.363759360479904
epigenomics_6328_sol2sanger_96,78.23032455576907,48.20532285282142
epigenomics_6328_sol2sanger_97,81.61525858026839,52.98245796392354
epigenomics_6328_sol2sanger_98,76.42659755671063,44.20330072208566
epigenomics_6328_sol2sanger_99,85.04074967013815,42.49896564273703
epigenomics_6328_sol2sanger_100,67.5310505303487,44.667834842618916
epigenomics_6328_sol2sanger_101,85.02241445109112,55.87375510275669
epigenomics_6328_sol2sanger_102,75.08413474709248,25.524363557727803
epigenomics_6328_sol2sanger_103,70.35352454903447,47.98622995294897
epigenomics_6328_sol2sanger_104,87.068488533995,51.5493157033866
epigenomics_6328_sol2sanger_105,79.46511935107326,41.29124986038211
epigenomics_6328_sol2sanger_106,81.45433324398326,34.18895890733963
epigenomics_6328_sol2sanger_107,78.80316710381561,38.52848260259798
epigenomics_6328_sol2sanger_108,78.34409411610572,41.5760589801549
epigenomics_6328_sol2sanger_109,81.58255560123762,53.056895267796286
epigenomics_6328_sol2sanger_110,82.79449681771231,48.30725971429552
epigenomics_6328_sol2sanger_111,79.38591073817935,42.46759621373474
epigenomics_6328_sol2sanger_112,79.30075930118909,29.42744753650023
epigenomics_6328_sol2sanger_113,82.51535000931565,41.079334912821835
epigenomics_6328_sol2sanger_114,81.67317325550073,46.47294925479636
epigenomics_6328_sol2sanger_115,89.58932830390542,43.586941574034235
epigenomics_6328_sol2sanger_116,85.90265145991366,38.01868639740924
epigenomics_6328_sol2sanger_117,71.63313519524979,33.99637484580291
epigenomics_6328_sol2sanger_118,80.3766007867197,40.69492767351383
epigenomics_6328_sol2sanger_119,81.69164119375975,55.64529254159126
epigenomics_6328_sol2sanger_120,87.37250569270827,20.931554864573286
epigenomics_6328_sol2sanger_121,76.9702474182112,45.54364588281746
epigenomics_6328_sol2sanger_122,76.70424562255292,44.38558664341874
epigenomics_6328_sol2sanger_123,75.40828183097604,48.62726583170977
epigenomics_6328_sol2sanger_124,79.65894329111529,47.59014511211582
epigenomics_6328_sol2sanger_125,79.61301551499857,49.74381565527241
epigenomics_6328_sol2sanger_126,72.92169320767435,48.387992330929805
epigenomics_6328_sol2sanger_127,84.7028042086993,29.600586056734503
epigenomics_6328_sol2sanger_128,71.65308170852501,47.31443424417684
epigenomics_6328_sol2sanger_129,84.32693032358172,50.32512915532655
epigenomics_6328_sol2sanger_130,71.86420858533323,30.692188737661304
epigenomics_6328_sol2sanger_131,81.04603194764707,48.788215114789374
epigenomics_6328_sol2sanger_132,93.25057419797582,52.0896305760355
epigenomics_6328_sol2sanger_133,80.36557398184395,37.987860703887804
epigenomics_6328_sol2sanger_134,78.46830785466287,38.590023448292854
epigenomics_6328_sol2sanger_135,79.37139497117427,58.3108042938036
epigenomics_6328_sol2sanger_136,86.8548317038157,47.67126150292374
epigenomics_6328_sol2sanger_137,83.17465299778908,49.10408264300199
epigenomics_6328_sol2sanger_138,72.86553687834433,45.581399890445994
epigenomics_6328_sol2sanger_139,82.23210561574564,48.69166794796411
epigenomics_6328_sol2sanger_140,80.09671883788161,49.90398842803172
epigenomics_6328_sol2sanger_141,77.98905803456552,38.736304404945386
epigenomics_6328_sol2sanger_142,85.15664634716602,40.69486899675201
epigenomics_6328_sol2sanger_143,81.69298553121885,51.8484159267047
epigenomics_6328_sol2sanger_144,81.24867959251952,47.881301081132115
epigenomics_6328_sol2sanger_145,83.00209239176074,36.39558797545083
epigenomics_6328_sol2sanger_146,83.76992541052012,49.54147712358078
epigenomics_6328_sol2sanger_147,86.43125535781617,56.665060321230996
epigenomics_6328_sol2sanger_148,90.93642573670466,46.073321230853914
epigenomics_6328_sol2sanger_149,77.79444905390729,50.91226423594306
epigenomics_6328_sol2sanger_150,86.80571101642468,35.621650323712245
epigenomics_6328_sol2sanger_151,86.065207335161,40.957291804293725
epigenomics_6328_sol2sanger_152,75.78734852499421,42.208286374859895
epigenomics_6328_sol2sanger_153,84.05275056282453,45.14093614420609
epigenomics_6328_sol2sanger_154,76.72611370454511,45.75705024154447
epigenomics_6328_sol2sanger_155,83.39335593493966,47.39190309960989
epigenomics_6328_sol2sanger_156,83.4247275715531,52.98133231431051
epigenomics_6328_sol2sanger_157,77.57531201387118,54.14693561474119
epigenomics_6328_sol2sanger_158,94.70117973127782,55.91342374634495
epigenomics_6328_sol2sanger_159,86.9688265885563,46.58053880595005
epigenomics_6328_sol2sanger_160,78.28764898665634,38.75292521402351
epigenomics_6328_sol2sanger_161,77.80073435899101,44.85539183083447
epigenomics_6328_sol2sanger_162,81.42600819853168,40.63577145902686
epigenomics_6328_sol2sanger_163,85.50248128787737,45.0977676696344
epigenomics_6328_sol2sanger_164,83.03397685814622,49.57112337873603
epigenomics_6328_sol2sanger_165,85.13757803697939,47.23370833727779
epigenomics_6328_sol2sanger_166,82.53994251816854,37.83161855024407
epigenomics_6328_sol2sanger_167,80.55563885583854,55.990491393619806
epigenomics_6328_sol2sanger_168,79.0300568117004,54.264430034931316
epigenomics_6328_sol2sanger_169,86.76281378785899,51.89582763051583
epigenomics_6328_sol2sanger_170,76.21389551240479,49.20790241479911
epigenomics_6328_sol2sanger_171,80.76778965508342,26.212716696825588
epigenomics_6328_sol2sanger_172,75.64959709530105,41.7466942048149
epigenomics_6328_sol2sanger_173,80.21101563936826,33.73380888634926
epigenomics_6328_sol2sanger_174,78.51222267785009,45.210104658175524
epigenomics_6328_sol2sanger_175,77.44684487906845,52.2193188054231
epigenomics_6328_sol2sanger_176,76.80475531097399,45.87616527928215
epigenomics_6328_sol2sanger_177,90.00127573419483,37.0038459500647
epigenomics_6328_sol2sanger_178,82.54078340052764,38.62651717360145
epigenomics_6328_sol2sanger_179,75.33121934351203,50.57495135799532
epigenomics_6328_sol2sanger_180,84.18263955398457,39.77211428467561
epigenomics_6328_sol2sanger_181,80.32710727400641,33.46357875410253
epigenomics_6328_sol2sanger_182,78.75666941625222,53.23823493587954
epigenomics_6328_sol2sanger_183,87.49608904092733,47.90818983821109
epigenomics_6328_sol2sanger_184,83.31792053481917,56.10396669866081
epigenomics_6328_sol2sanger_185,84.02703141571807,41.8204166267274
epigenomics_6328_sol2sanger_186,86.10145053808378,50.87931091943396
epigenomics_6328_sol2sanger_187,81.0143177122529,32.95054708395148
epigenomics_6328_sol2sanger_188,70.27086749230055,51.05174543662265
epigenomics_6328_sol2sanger_189,76.66979831126706,32.84867001654911
epigenomics_6328_sol2sanger_190,83.72026722976986,38.206698909715755
epigenomics_6328_sol2sanger_191,75.56660486641054,34.874893356344884
epigenomics_6328_sol2sanger_192,77.67966026426684,43.95139323342615
epigenomics_6328_sol2sanger_193,85.41817052175351,46.128043146107466
epigenomics_6328_sol2sanger_194,81.70683214472277,46.73294392154525
epigenomics_6328_sol2sanger_195,78.17266736656096,56.32005205370146
epigenomics_6328_sol2sanger_196,76.58687674232088,36.106049684034325
epigenomics_6328_sol2sanger_197,79.2479452455453,39.33166291718038
epigenomics_6328_sol2sanger_198,86.71440488079152,26.124585017752484
epigenomics_6328_sol2sanger_199,79.4494387333105,42.95014562882976
epigenomics_6328_sol2sanger_200,74.85926919947708,45.37906872121379
epigenomics_6328_sol2sanger_201,77.38613953992188,56.375706917865244
epigenomics_6328_sol2sanger_202,85.30133304310557,45.26006987287798
epigenomics_6328_sol2sanger_203,80.47075346868928,46.13465371622565
epigenomics_6328_sol2sanger_204,81.4784301891782,41.92168295295684
epigenomics_6328_sol2sanger_205,78.8175231523541,55.7789117018363
epigenomics_6328_sol2sanger_206,74.74220400966769,40.752286627212015
epigenomics_6328_sol2sanger_207,84.47267610321373,50.97887379922789
epigenomics_6328_sol2sanger_208,76.99080757665273,37.52117358477712
epigenomics_6328_sol2sanger_209,77.74033830327744,53.63153031054174
epigenomics_6328_sol2sanger_210,81.5938272631417,49.89746583342486
epigenomics_6328_sol2sanger_211,80.03753186093307,29.793735557711265
epigenomics_6328_sol2sanger_212,74.22833782087112,44.96505472738092
epigenomics_6328_sol2sanger_213,79.23154296032709,58.546659092198965
epigenomics_6328_sol2sanger_214,77.40810079584396,41.68697884873712
epigenomics_6328_sol2sanger_215,76.94424553935379,44.920056741123254
epigenomics_6328_sol2sanger_216,84.58964399169736,39.68949930719039
epigenomics_6328_sol2sanger_217,79.94572552857576,46.22784067466004
epigenomics_6328_sol2sanger_218,75.33214600706766,40.70615334185745
epigenomics_6328_sol2sanger_219,81.53629268450256,48.12155800644485
epigenomics_6328_sol2sanger_220,73.15731046775261,48.44510234014405
epigenomics_6328_sol2sanger_221,75.77877974642138,29.999751417234023
epigenomics_6328_sol2sanger_222,80.03050741056768,57.264503813035
epigenomics_6328_sol2sanger_223,83.47307741110518,47.32681587418663
epigenomics_6328_sol2sanger_224,81.86935186513223,54.770459150130556
epigenomics_6328_sol2sanger_225,84.7126449121049,43.48069782104586
epigenomics_6328_sol2sanger_226,80.11176969781184,41.34192420706769
epigenomics_6328_sol2sanger_227,73.79474738986477,42.84448442847337
epigenomics_6328_sol2sanger_228,83.00115731501526,42.591390449829944
epigenomics_6328_sol2sanger_229,80.73062859459044,45.547398073297735
epigenomics_6328_sol2sanger_230,80.47265526491326,35.78811633052078
epigenomics_6328_sol2sanger_231,80.24580125731693,39.37087260366102
epigenomics_6328_sol2sanger_232,71.1454030868042,43.81693863334295
epigenomics_6328_sol2sanger_233,74.00652200665945,38.67103678611904
epigenomics_6328_sol2sanger_234,83.48319122474217,42.46040425768926
epigenomics_6328_sol2sanger_235,82.79371958061122,46.55324858174416
epigenomics_6328_sol2sanger_236,75.15648617977097,35.38182190604452
epigenomics_6328_sol2sanger_237,77.22963026863492,36.15240511621002
epigenomics_6328_sol2sanger_238,74.93166532874271,46.66701679053758
epigenomics_6328_sol2sanger_239,77.95042253250705,49.36926824900617
epigenomics_6328_sol2sanger_240,75.37495842916078,39.13715585350379
epigenomics_6328_sol2sanger_241,80.9282528772508,35.85953380117877
epigenomics_6328_sol2sanger_242,81.72503683209958,44.39322082616458
epigenomics_6328_sol2sanger_243,82.79276043840008,48.19773551743468
epigenomics_6328_sol2sanger_244,88.45092745963717,28.248531965159973
epigenomics_6328_sol2sanger_245,81.38951997123702,28.96155671024447
epigenomics_6328_sol2sanger_246,75.40732984513386,48.79465756233218
epigenomics_6328_sol2sanger_247,81.53864106309464,55.45856062250897
epigenomics_6328_sol2sanger_248,85.97296476286266,46.72341179111649
epigenomics_6328_sol2sanger_249,82.34361762660077,35.50153881820318
epigenomics_6328_sol2sanger_250,81.59009835194033,59.92834812874297
epigenomics_6328_sol2sanger_251,77.86143381530704,43.247295718953566
epigenomics_6328_sol2sanger_252,85.34575157427375,51.330480123655434
epigenomics_6328_sol2sanger_253,76.05832555007187,52.81988433078207
epigenomics_6328_sol2sanger_254,86.46787596749078,41.53336244768968
epigenomics_6328_sol2sanger_255,78.53493646823847,43.1243086335133
epigenomics_6328_sol2sanger_256,83.6568927162148,52.46293479084468
epigenomics_6328_sol2sanger_257,82.35654718328476,46.15048401167456
epigenomics_6328_sol2sanger_258,73.49422179022366,49.42535630312113
epigenomics_6328_sol2sanger_259,87.90764528225304,33.9955097722197
epigenomics_6328_sol2sanger_260,75.32012158135394,45.76977939275375
epigenomics_6328_sol2sanger_261,76.56507035461367,42.06574255921459
epigenomics_6328_sol2sanger_262,83.03017989853802,38.78329390778636
epigenomics_6328_sol2sanger_263,86.21963064217807,42.50146704011826
epigenomics_6328_sol2sanger_264,85.54928109294967,33.40943111246816
epigenomics_6328_sol2sanger_265,72.38419244598654,28.731789263670414
epigenomics_6328_sol2sanger_266,75.37484792790532,40.653658930487985
epigenomics_6328_sol2sanger_267,83.48631451008525,51.048559645254
epigenomics_6328_sol2sanger_268,74.80698457389317,41.03949959814431
epigenomics_6328_sol2sanger_269,75.90620969142276,55.015149081156125
epigenomics_6328_sol2sanger_270,77.8227237626044,48.3911991337405
epigenomics_6328_sol2sanger_271,73.30458989538025,44.77940683068865
epigenomics_6328_sol2sanger_272,84.25049441425806,45.892824749556624
epigenomics_6328_sol2sanger_273,87.21126850256503,53.90411252370406
epigenomics_6328_sol2sanger_274,85.5605856064846,31.524767379305377
epigenomics_6328_sol2sanger_275,71.84681552893299,53.44973099790445
epigenomics_6328_sol2sanger_276,70.908561489782,42.403073289615605
epigenomics_6328_sol2sanger_277,78.84023538688685,35.804049983090934
epigenomics_6328_sol2sanger_278,77.80247341083238,54.24705208530576
epigenomics_6328_sol2sanger_279,85.76837888202402,52.44201211850834
epigenomics_6328_sol2sanger_280,84.88623074213287,53.28569040681452
epigenomics_6328_sol2sanger_281,71.96634295347091,46.65669925263901
epigenomics_6328_sol2sanger_282,75.70070780952176,40.71462312728558
epigenomics_6328_sol2sanger_283,80.48016832206434,54.859295475803314
epigenomics_6328_sol2sanger_284,75.24335012949635,47.80145814736142
epigenomics_6328_sol2sanger_285,84.11260862749351,45.6817392678689
epigenomics_6328_sol2sanger_286,72.88160784477164,59.4380286425724
epigenomics_6328_sol2sanger_287,78.15467776013892,36.909917372906435
epigenomics_6328_sol2sanger_288,80.64019941428859,36.90335341451223
epigenomics_6328_sol2sanger_289,82.69796917125277,35.823321689041855
epigenomics_6328_sol2sanger_290,81.84713455760577,41.00156111748132
epigenomics_6328_sol2sanger_291,85.89582658392114,34.46413605049648
epigenomics_6328_sol2sanger_292,82.75684470324127,68.70425879180063
epigenomics_6328_sol2sanger_293,76.81696161854927,44.443761128526205
epigenomics_6328_sol2sanger_294,73.45006013619494,46.33392106619144
epigenomics_6328_sol2sanger_295,83.26681228665694,40.08461864036518
epigenomics_6328_sol2sanger_296,72.58785726314352,48.07947309050531
epigenomics_6328_sol2sanger_297,67.68381429577613,57.10321659624196
epigenomics_6328_sol2sanger_298,78.92622870382269,34.304032845300476
epigenomics_6328_sol2sanger_299,84.31164796760126,46.266661066767135
epigenomics_6328_sol2sanger_300,82.58999781400071,48.58926116018327
epigenomics_6328_sol2sanger_301,70.29098393214767,48.76167133582568
epigenomics_6328_sol2sanger_302,91.5854210726238,40.67559477110176
epigenomics_6328_sol2sanger_303,66.52544267506244,50.15344611623343
epigenomics_6328_sol2sanger_304,84.32072124030077,48.83746139633122
epigenomics_6328_sol2sanger_305,83.40962580199911,42.099410963601066
epigenomics_6328_sol2sanger_306,83.25161224504828,50.21897899668478
epigenomics_6328_sol2sanger_307,70.13379053278662,50.08621595549002
epigenomics_6328_sol2sanger_308,77.57644863454813,37.43679034434504
epigenomics_6328_sol2sanger_309,72.85631046305288,53.50438726049555
epigenomics_6328_sol2sanger_310,76.18850101325471,39.80287027143154
epigenomics_6328_sol2sanger_311,82.86525897267741,46.91291132263761
epigenomics_6328_sol2sanger_312,74.95645644186688,31.770673097785753
epigenomics_6328_sol2sanger_313,82.4039106537729,40.87346125454775
epigenomics_6328_sol2sanger_314,81.44489981835572,39.21482446467637
epigenomics_6328_sol2sanger_315,78.10294362573596,46.932106907908874
epigenomics_6328_sol2sanger_316,80.6186465715313,33.29535457470661
epigenomics_6328_sol2sanger_317,86.95427690357305,44.84358913075753
epigenomics_6328_sol2sanger_318,77.90805018397946,50.271292398755406
epigenomics_6328_sol2sanger_319,84.89951886739965,46.266473976971525
epigenomics_6328_sol2sanger_320,81.61334825335146,59.28486229648579
epigenomics_6328_sol2sanger_321,76.74219139665735,45.90466805438038
epigenomics_6328_sol2sanger_322,76.02610121516885,49.61138474077326
epigenomics_6328_sol2sanger_323,69.90003570127925,55.5583041556021
epigenomics_6328_sol2sanger_324,70.31853375824204,38.2376309101265
epigenomics_6328_sol2sanger_325,68.69879248446242,36.26751766402595
epigenomics_6328_sol2sanger_326,76.32306344912972,54.03799642326763
epigenomics_6328_sol2sanger_327,79.07999202726116,48.90705317636874
epigenomics_6328_sol2sanger_328,80.56178488248649,40.00051450602705
epigenomics_6328_sol2sanger_329,76.3457654862004,40.163896625958714
epigenomics_6328_sol2sanger_330,76.63848249842174,45.15421374793711
epigenomics_6328_sol2sanger_331,72.16424011452722,51.99363122359173
epigenomics_6328_sol2sanger_332,77.90262324385738,31.203158425163135
epigenomics_6328_sol2sanger_333,80.33238953739458,40.27547070281097
epigenomics_6328_sol2sanger_334,79.31075786724807,49.3540184047385
epigenomics_6328_sol2sanger_335,76.64155059553278,38.549775678032134
epigenomics_6328_sol2sanger_336,79.1713822855646,46.126209528783946
epigenomics_6328_sol2sanger_337,82.50709486314712,36.923439428585155
epigenomics_6328_sol2sanger_338,76.55914896343712,53.28922262123551
epigenomics_6328_sol2sanger_339,77.94475989804911,49.075807747529744
epigenomics_6328_sol2sanger_340,89.20583701554662,51.93330973242625
epigenomics_6328_sol2sanger_341,83.13505847282498,52.173149822057866
epigenomics_6328_sol2sanger_342,73.86043473795976,66.3326162798197
epigenomics_6328_sol2sanger_343,74.35242648206766,44.42715333070436
epigenomics_6328_sol2sanger_344,80.04449012435056,43.12293043566424
epigenomics_6328_sol2sanger_345,78.82818731647531,64.45466687748073
epigenomics_6328_sol2sanger_346,83.79205980751084,29.25389072310214
epigenomics_6328_sol2sanger_347,72.81920791988425,49.71104344947717
epigenomics_6328_sol2sanger_348,77.46582717380683,47.05153717349855
epigenomics_6328_sol2sanger_349,84.83534266759929,35.00356563096736
epigenomics_6328_sol2sanger_350,75.93583071295583,30.825811309632336
epigenomics_6328_sol2sanger_351,79.97324873452685,42.46928120499204
epigenomics_6328_sol2sanger_352,78.29496158755248,46.473861192985765
epigenomics_6328_sol2sanger_353,80.52565289786936,48.09484950653497
epigenomics_6328_sol2sanger_354,72.21617605069115,30.33928533823216
epigenomics_6328_sol2sanger_355,79.70138015027273,29.137723014249957
epigenomics_6328_sol2sanger_356,79.87672990636692,46.19997931681284
epigenomics_6328_sol2sanger_357,82.44951552214827,36.04088780409333
epigenomics_6328_sol2sanger_358,79.06812008890623,34.96732838013094
epigenomics_6328_sol2sanger_359,82.67370232662873,40.58055180074591
epigenomics_6328_sol2sanger_360,77.6032356276165,39.93915723912718
epigenomics_6328_sol2sanger_361,80.09243741132963,50.159013163053004
epigenomics_6328_sol2sanger_362,82.23539142852844,55.204443989495644
epigenomics_6328_sol2sanger_363,78.9633532633,44.910395533851975
epigenomics_6328_sol2sanger_364,80.29660561700294,54.50348855567598
epigenomics_6328_sol2sanger_365,73.88232450456478,41.65752999780333
epigenomics_6328_sol2sanger_366,75.55187685326203,47.96478515344723
epigenomics_6328_sol2sanger_367,79.61601338445072,48.99244409908981
epigenomics_6328_sol2sanger_368,87.7283960444825,47.460153334989194
epigenomics_6328_sol2sanger_369,68.41221663964626,46.8934794324737
epigenomics_6328_sol2sanger_370,85.33783000574043,41.701385431375286
epigenomics_6328_sol2sanger_371,87.36886861582968,40.46326859360864
epigenomics_6328_sol2sanger_372,78.37469404340204,29.87318256505912
epigenomics_6328_sol2sanger_373,81.48317515231092,22.029220374322165
epigenomics_6328_sol2sanger_374,76.9924101864107,24.235577815943522
epigenomics_6328_sol2sanger_375,81.79883876032505,25.444850017644992
epigenomics_6328_sol2sanger_376,89.4451432103624,45.32530318069863
epigenomics_6328_sol2sanger_377,76.58760621233782,38.97895294097989
epigenomics_6328_sol2sanger_378,74.24847523690802,43.02482351978053
epigenomics_6328_sol2sanger_379,81.93374296873385,51.76327970487488
epigenomics_6328_sol2sanger_380,71.4771162051321,43.26806181694854
epigenomics_6328_sol2sanger_381,79.25359448023286,20.525058139036382
epigenomics_6328_sol2sanger_382,76.39683421266609,46.86815713025599
epigenomics_6328_sol2sanger_383,69.22106101256689,41.11948220601042
epigenomics_6328_sol2sanger_384,95.34260457784363,45.890721212108986
epigenomics_6328_sol2sanger_385,85.65945149669767,49.308092745660424
epigenomics_6328_sol2sanger_386,76.83064280669058,46.254491129835124
epigenomics_6328_sol2sanger_387,79.45614216889217,52.31988912047851
epigenomics_6328_sol2sanger_388,80.75737050497317,41.500924345369356
epigenomics_6328_sol2sanger_389,81.23994458042667,47.44659219000386
epigenomics_6328_sol2sanger_390,71.6494112928429,44.040145156909304
epigenomics_6328_sol2sanger_391,80.30191482506075,56.51386272165148
epigenomics_6328_sol2sanger_392,77.57462991091934,22.819332157955692
epigenomics_6328_sol2sanger_393,77.89080597630219,48.49743488904945
epigenomics_6328_sol2sanger_394,79.04587699979422,45.876885568673444
epigenomics_6328_sol2sanger_395,73.00277326094705,42.16781778174207
epigenomics_6328_sol2sanger_396,77.55612890806879,56.000294593451336
epigenomics_6328_sol2sanger_397,76.1200533359522,52.037496970490224
epigenomics_6328_sol2sanger_398,79.9492082358033,51.232703026023145
epigenomics_6328_sol2sanger_399,70.98344372878772,50.13173800236589
epigenomics_6328_sol2sanger_400,78.64368896556361,35.379686730460776
epigenomics_6328_sol2sanger_401,84.06767527093085,48.099324875665786
epigenomics_6328_sol2sanger_402,80.76229021672054,45.46661571010971
epigenomics_6328_sol2sanger_403,81.888993405345,26.669257322628273
epigenomics_6328_sol2sanger_404,76.84492755994322,51.86053832320301
epigenomics_6328_sol2sanger_405,72.22017966821083,41.75608586465914
epigenomics_6328_sol2sanger_406,77.0442518095389,34.43748922217385
epigenomics_6328_sol2sanger_407,76.06253380191143,42.39487787452572
epigenomics_6328_sol2sanger_408,80.39869560214461,39.76578330833329
epigenomics_6328_sol2sanger_409,77.41126009033334,38.38516336006403
epigenomics_6328_sol2sanger_410,82.46056950843155,34.488986440666864
epigenomics_6328_sol2sanger_411,74.96631186164981,43.250179068589276
epigenomics_6328_sol2sanger_412,85.74624603891932,26.863956116930545
epigenomics_6328_sol2sanger_413,73.44216042607745,40.55598390609407
epigenomics_6328_sol2sanger_414,84.02628566276852,47.85490984520715
epigenomics_6328_sol2sanger_415,82.6922788877176,49.50839396464232
epigenomics_6328_sol2sanger_416,72.78673981406777,36.44241860766844
epigenomics_6328_sol2sanger_417,77.85133302755963,38.39047181426086
epigenomics_6328_sol2sanger_418,80.41237138575133,51.2212290354647
epigenomics_6328_sol2sanger_419,79.97292270546006,52.01990729257982
epigenomics_6328_sol2sanger_420,74.86241038988913,53.79280058976108
epigenomics_6328_sol2sanger_421,81.4031357917253,36.57220572034447
epigenomics_6328_sol2sanger_422,75.86200582558499,42.41840142466105
epigenomics_6328_sol2sanger_423,81.5116202251045,62.05590372699792
epigenomics_6328_sol2sanger_424,89.64896247180835,37.3825902840143
epigenomics_6328_sol2sanger_425,73.86770155468709,58.735853079170134
epigenomics_6328_sol2sanger_426,80.993354321584,37.86015175979591
epigenomics_6328_sol2sanger_427,77.23062119701979,31.448324412450813
epigenomics_6328_sol2sanger_428,83.52205748295651,48.27248956102851
epigenomics_6328_sol2sanger_429,84.8256479978148,38.29274664505203
epigenomics_6328_sol2sanger_430,75.87184588283358,46.54859188975368
epigenomics_6328_sol2sanger_431,74.97564500186746,47.23975539586371
epigenomics_6328_sol2sanger_432,74.4413839766,39.51894301278889
epigenomics_6328_sol2sanger_433,73.8661394330006,48.40896909008208
epigenomics_6328_sol2sanger_434,76.79956028916135,41.7589745686456
epigenomics_6328_sol2sanger_435,74.59705732766123,43.6017974778821
epigenomics_6328_sol2sanger_436,84.32153674770328,50.24596459194653
epigenomics_6328_sol2sanger_437,89.03096360304025,48.18829379468316
epigenomics_6328_sol2sanger_438,76.87306226928033,42.04825998239964
epigenomics_6328_sol2sanger_439,80.46039540742709,51.86758006609
epigenomics_6328_sol2sanger_440,71.33139303385046,40.28305647146906
epigenomics_6328_sol2sanger_441,76.60819483709938,41.32305784252277
epigenomics_6328_sol2sanger_442,86.73889624324022,39.352089894993696
epigenomics_6328_sol2sanger_443,76.08893125149547,47.267456238263
epigenomics_6328_sol2sanger_444,83.46161751149907,44.60608407247077
epigenomics_6328_sol2sanger_445,82.05671715369724,37.945936751363796
epigenomics_6328_sol2sanger_446,84.09303812016378,46.97625555242837
epigenomics_6328_sol2sanger_447,76.59007990554585,39.28104538842205
epigenomics_6328_sol2sanger_448,80.80975000706745,42.225363740229696
epigenomics_6328_sol2sanger_449,81.06811572589125,44.08746295482542
epigenomics_6328_sol2sanger_450,77.18684962446657,41.50386458248022
epigenomics_6328_sol2sanger_451,81.28227033289716,50.89908868978977
epigenomics_6328_sol2sanger_452,81.24937607870915,60.920727554238226
epigenomics_6328_sol2sanger_453,74.61033279057739,45.22264221454655
epigenomics_6328_sol2sanger_454,79.12706282256588,58.650784116122686
epigenomics_6328_sol2sanger_455,75.8911211526547,35.48306924223752
epigenomics_6328_sol2sanger_456,82.62739462334001,40.18093436491312
epigenomics_6328_sol2sanger_457,80.46214416165458,45.46249257631073
epigenomics_6328_sol2sanger_458,82.29722749796879,44.286389386020566
epigenomics_6328_sol2sanger_459,80.0111361975287,45.19859498476253
epigenomics_6328_sol2sanger_460,73.27554138880116,42.59757735489866
epigenomics_6328_sol2sanger_461,80.00352869247712,36.11471903334639
epigenomics_6328_sol2sanger_462,85.327953439237,52.88896194863915
epigenomics_6328_sol2sanger_463,81.0056003630843,26.716386395422806
epigenomics_6328_sol2sanger_464,81.88970692644777,40.002882376340686
epigenomics_6328_sol2sanger_465,76.56591186940656,39.30993819624433
epigenomics_6328_sol2sanger_466,81.26090253218575,38.984171635565225
epigenomics_6328_sol2sanger_467,76.58510275973183,31.02454205613065
epigenomics_6328_sol2sanger_468,77.53972169244564,42.03310377205301
epigenomics_6328_sol2sanger_469,79.36493802751792,44.244513945587556
epigenomics_6328_sol2sanger_470,79.19760705942959,44.169638660426685
epigenomics_6328_sol2sanger_471,79.09508654758656,37.84879121796143
epigenomics_6328_sol2sanger_472,81.04190047701545,32.75297025761532
epigenomics_6328_sol2sanger_473,85.9714523140488,37.93221221349423
epigenomics_6328_sol2sanger_474,79.62353640376548,28.263675033774675
epigenomics_6328_sol2sanger_475,70.16176273416364,33.47432606637939
epigenomics_6328_sol2sanger_476,80.85157576849097,47.03860624248232
epigenomics_6328_sol2sanger_477,82.4456134987472,53.80530787414832
epigenomics_6328_sol2sanger_478,81.28930708398072,53.97712603955423
epigenomics_6328_sol2sanger_479,81.03305956285911,40.9426233913788
epigenomics_6328_sol2sanger_480,85.67024259332324,31.59468513212198
epigenomics_6328_sol2sanger_481,74.62962676174938,33.56703343349367
epigenomics_6328_sol2sanger_482,77.75023424429314,46.82302053951332
epigenomics_6328_sol2sanger_483,84.43330746985544,55.69311142851624
epigenomics_6328_sol2sanger_484,79.72062576435847,41.5975392671095
epigenomics_6328_sol2sanger_485,76.3277988930722,46.543372306593696
epigenomics_6328_sol2sanger_486,84.64509156107788,34.99454687005223
epigenomics_6328_sol2sanger_487,70.01112189931217,38.05305265834234
epigenomics_6328_sol2sanger_488,74.85314279149661,46.47399755592562
epigenomics_6328_sol2sanger_489,89.74192479050518,39.650022878549564
epigenomics_6328_sol2sanger_490,88.27831030628033,42.882548926776884
epigenomics_6328_sol2sanger_491,88.81271455116809,48.6164998859938
epigenomics_6328_sol2sanger_492,79.38386346242899,41.935069318788756
epigenomics_6328_sol2sanger_493,84.90013843900087,48.65714557206545
epigenomics_6328_sol2sanger_494,76.26601793258845,45.976642959743714
epigenomics_6328_sol2sanger_495,76.97094846062464,41.19707989117453
epigenomics_6328_sol2sanger_496,73.88141125214213,38.79742932893751
epigenomics_6328_sol2sanger_497,81.89663214774644,39.86410266396871
epigenomics_6328_sol2sanger_498,82.60368485386893,45.85905386628102
epigenomics_6328_sol2sanger_499,73.71488292378802,32.03677983372735
epigenomics_6328_fast2bfq_0,34.35407545047811,80.12387272290022
epigenomics_6328_fast2bfq_1,43.57571664177022,89.48284539838511
epigenomics_6328_fast2bfq_2,42.984964755130704,81.29112173704884
epigenomics_6328_fast2bfq_3,50.962598993892634,77.65317515303018
epigenomics_6328_fast2bfq_4,43.733375104234085,70.57183218340867
epigenomics_6328_fast2bfq_5,45.656185700833355,77.65166167724388
epigenomics_6328_fast2bfq_6,36.38342516183292,85.13332551786901
epigenomics_6328_fast2bfq_7,48.1349413597926,69.54222137381095
epigenomics_6328_fast2bfq_8,35.43261891390743,77.9844196245834
epigenomics_6328_fast2bfq_9,43.86893742687498,82.57795501308559
epigenomics_6328_fast2bfq_10,49.57779171090472,84.24915108328089
epigenomics_6328_fast2bfq_11,38.20569762663695,82.21098605719696
epigenomics_6328_fast2bfq_12,51.02978452053692,83.6356680006031
epigenomics_6328_fast2bfq_13,50.23466661934123,75.9372796391112
epigenomics_6328_fast2bfq_14,42.89724752215787,84.28476261169739
epigenomics_6328_fast2bfq_15,42.965236326865586,86.57207046699274
epigenomics_6328_fast2bfq_16,57.92619508773549,85.07898869499036
epigenomics_6328_fast2bfq_17,53.53048569413236,73.38136700369516
epigenomics_6328_fast2bfq_18,42.45864901978248,84.60904366565315
epigenomics_6328_fast2bfq_19,34.90283394375072,72.82628677198964
epigenomics_6328_fast2bfq_20,43.897343677026605,86.90895399961886
epigenomics_6328_fast2bfq_21,56.1736378892079,72.73268625759573
epigenomics_6328_fast2bfq_22,54.33355654976673,84.55412715288786
epigenomics_6328_fast2bfq_23,36.96928647469297,83.71795707261114
epigenomics_6328_fast2bfq_24,39.14009355674517,81.00520836443678
epigenomics_6328_fast2bfq_25,42.84980753842712,67.82687646974063
epigenomics_6328_fast2bfq_26,44.526691751898376,82.16225485935578
epigenomics_6328_fast2bfq_27,50.987634190851935,83.85342653140245
epigenomics_6328_fast2bfq_28,45.95459710329987,79.25115583078012
epigenomics_6328_fast2bfq_29,53.47155591231891,89.15565757210676
epigenomics_6328_fast2bfq_30,49.48403962336395,75.13704875270227
epigenomics_6328_fast2bfq_31,43.983065290231536,80.26620446377484
epigenomics_6328_fast2bfq_32,63.58137318547046,76.91783020374858
epigenomics_6328_fast2bfq_33,46.0339742535842,72.40937620699744
epigenomics_6328_fast2bfq_34,38.01672108201282,73.46972589159235
epigenomics_6328_fast2bfq_35,49.2277481697549,81.40021140632864
epigenomics_6328_fast2bfq_36,50.5465744521564,83.60559739589257
epigenomics_6328_fast2bfq_37,41.94577886890298,84.4939833116151
epigenomics_6328_fast2bfq_38,57.87361726369667,73.32247013327677
epigenomics_6328_fast2bfq_39,49.467794799831196,77.73285835942362
epigenomics_6328_fast2bfq_40,34.17508195416042,82.27644360372571
epigenomics_6328_fast2bfq_41,43.4890777017768,78.0176622224954
epigenomics_6328_fast2bfq_42,31.420592733397385,74.03826352084799
epigenomics_6328_fast2bfq_43,46.96510858395002,80.5209413438923
epigenomics_6328_fast2bfq_44,38.44009040630819,77.0477378586417
epigenomics_6328_fast2bfq_45,38.1606622153476,84.43570237751932
epigenomics_6328_fast2bfq_46,57.35095545039895,78.44027473059143
epigenomics_6328_fast2bfq_47,47.79728604018809,78.35745707120245
epigenomics_6328_fast2bfq_48,26.762931658861692,73.99954523441079
epigenomics_6328_fast2bfq_49,47.622332982107295,88.14409350325647
epigenomics_6328_fast2bfq_50,44.666956151045724,81.18832548529225
epigenomics_6328_fast2bfq_51,46.224206531141775,83.19248536670538
epigenomics_6328_fast2bfq_52,36.24140390428864,82.69752425217975
epigenomics_6328_fast2bfq_53,53.54744128389323,68.17043230304051
epigenomics_6328_fast2bfq_54,31.259460723467022,76.21741333566123
epigenomics_6328_fast2bfq_55,46.46062313378728,70.77381576066396
epigenomics_6328_fast2bfq_56,40.34132111809947,87.656077694583
epigenomics_6328_fast2bfq_57,34.020673074448084,71.93206084409607
epigenomics_6328_fast2bfq_58,45.97528170837903,78.81037293826175
epigenomics_6328_fast2bfq_59,53.17884156594123,71.51522288047047
epigenomics_6328_fast2bfq_60,46.82694028978655,75.70799079183635
epigenomics_6328_fast2bfq_61,48.65951632270366,85.62332245227314
epigenomics_6328_fast2bfq_62,43.50723662594054,80.41551974128593
epigenomics_6328_fast2bfq_63,50.55158264944005,70.10535365384249
epigenomics_6328_fast2bfq_64,53.99032729760291,84.76573841569375
epigenomics_6328_fast2bfq_65,40.17557055155239,83.214118053072
epigenomics_6328_fast2bfq_66,47.92030246764853,71.54640954865367
epigenomics_6328_fast2bfq_67,40.82079141589716,83.77871434646678
epigenomics_6328_fast2bfq_68,44.51160694181972,80.77649647599983
epigenomics_6328_fast2bfq_69,53.89855660480062,79.70062969165971
epigenomics_6328_fast2bfq_70,34.24170300524676,60.587226363292125
epigenomics_6328_fast2bfq_71,49.05821819453902,87.84988425821867
epigenomics_6328_fast2bfq_72,52.46695864695859,80.86496452544259
epigenomics_6328_fast2bfq_73,45.79525691393333,78.63418518510929
epigenomics_6328_fast2bfq_74,50.6243841918888,78.80762524463792
epigenomics_6328_fast2bfq_75,42.80687937655367,87.90840181160807
epigenomics_6328_fast2bfq_76,38.497676665128765,75.29169417803705
epigenomics_6328_fast2bfq_77,46.19185451226226,74.9791761428992
epigenomics_6328_fast2bfq_78,34.49951400672921,82.86707837022767
epigenomics_6328_fast2bfq_79,39.593740827564645,75.39815285721667
epigenomics_6328_fast2bfq_80,53.38989293783574,75.19066418815488
epigenomics_6328_fast2bfq_81,47.17538221980608,87.95251088419303
epigenomics_6328_fast2bfq_82,42.111544498708014,69.21103688262635
epigenomics_6328_fast2bfq_83,50.292536985373545,80.28606034485695
epigenomics_6328_fast2bfq_84,58.30423951173546,92.0800917601549
epigenomics_6328_fast2bfq_85,43.10589636370652,72.74144419475543
epigenomics_6328_fast2bfq_86,28.367437209695016,80.96813733926024
epigenomics_6328_fast2bfq_87,48.08979527335769,95.53636415878628
epigenomics_6328_fast2bfq_88,60.2286629858384,71.69144508271555
epigenomics_6328_fast2bfq_89,55.77418703804668,84.49436649932402
epigenomics_6328_fast2bfq_90,42.89166389207422,92.3465483475149
epigenomics_6328_fast2bfq_91,50.45004703181435,83.92905481215796
epigenomics_6328_fast2bfq_92,57.39576395863082,82.54209723509541
epigenomics_6328_fast2bfq_93,53.839670386408244,82.55064138215134
epigenomics_6328_fast2bfq_94,44.32231546091648,84.76895470318001
epigenomics_6328_fast2bfq_95,40.62358018115201,86.2518383493466
epigenomics_6328_fast2bfq_96,45.17200715960601,64.49119285870863
epigenomics_6328_fast2bfq_97,42.42717199813636,84.84343600573224
epigenomics_6328_fast2bfq_98,39.52504501492082,86.90126283739188
epigenomics_6328_fast2bfq_99,35.307003423616166,78.82251926659741
epigenomics_6328_fast2bfq_100,41.77924064723059,86.68314951066459
epigenomics_6328_fast2bfq_101,43.79380743248913,88.7093695730039
epigenomics_6328_fast2bfq_102,51.584692588344936,77.89137048847196
epigenomics_6328_fast2bfq_103,44.32239567963759,94.92961901090214
epigenomics_6328_fast2bfq_104,55.72050852536232,83.6407877112847
epigenomics_6328_fast2bfq_105,39.22144608021358,67.80367779133192
epigenomics_6328_fast2bfq_106,38.33744139688926,75.07535748493179
epigenomics_6328_fast2bfq_107,49.004481878462755,72.87117891414476
epigenomics_6328_fast2bfq_108,39.43895516504662,63.306298983031105
epigenomics_6328_fast2bfq_109,52.510491943449544,68.88230548935366
epigenomics_6328_fast2bfq_110,46.21850804052142,67.86803087327002
epigenomics_6328_fast2bfq_111,31.571067728670148,91.39249118488839
epigenomics_6328_fast2bfq_112,37.2159594035229,78.81600030449445
epigenomics_6328_fast2bfq_113,39.39201744013218,73.1117671816915
epigenomics_6328_fast2bfq_114,46.064937489568585,83.4208667020117
epigenomics_6328_fast2bfq_115,43.26661510523549,82.79850345798175
epigenomics_6328_fast2bfq_116,47.036169019023454,83.90799217676799
epigenomics_6328_fast2bfq_117,50.22850642282914,79.46830750975738
epigenomics_6328_fast2bfq_118,39.41101575868988,92.19592985469683
epigenomics_6328_fast2bfq_119,40.63281136652626,82.19051094799575
epigenomics_6328_fast2bfq_120,45.850899493316476,91.91146498298963
epigenomics_6328_fast2bfq_121,48.59905514063011,74.88127208394161
epigenomics_6328_fast2bfq_122,48.23258449588311,96.39487161511255
epigenomics_6328_fast2bfq_123,42.49157364950056,66.03425443488253
epigenomics_6328_fast2bfq_124,54.25162660792121,83.28383179880785
epigenomics_6328_fast2bfq_125,41.0816494965168,83.78963050768417
epigenomics_6328_fast2bfq_126,36.33469203377622,67.74051200847707
epigenomics_6328_fast2bfq_127,37.17562319603404,74.61866038752476
epigenomics_6328_fast2bfq_128,54.815840782903464,74.66698378644182
epigenomics_6328_fast2bfq_129,44.49969757795595,59.73167179636076
epigenomics_6328_fast2bfq_130,42.38682763196909,79.5546143631825
epigenomics_6328_fast2bfq_131,53.366451959527296,69.94722112885309
epigenomics_6328_fast2bfq_132,45.28057213658937,82.39199355206497
epigenomics_6328_fast2bfq_133,47.318357279169284,79.9189241640328
epigenomics_6328_fast2bfq_134,52.25282456189734,72.4130813613823
epigenomics_6328_fast2bfq_135,49.76009506287189,75.8870009651354
epigenomics_6328_fast2bfq_136,45.0989799785479,84.93962399948704
epigenomics_6328_fast2bfq_137,48.55921125784001,78.8046329596693
epigenomics_6328_fast2bfq_138,49.85420919536023,72.8294742183864
epigenomics_6328_fast2bfq_139,49.24587725701669,82.60760606533961
epigenomics_6328_fast2bfq_140,40.668629523724434,85.92018116619631
epigenomics_6328_fast2bfq_141,41.80255133241146,72.64607164165288
epigenomics_6328_fast2bfq_142,37.398183928201014,75.83171660863196
epigenomics_6328_fast2bfq_143,50.496812889282815,65.80350962799854
epigenomics_6328_fast2bfq_144,45.48474488587864,68.9518147086959
epigenomics_6328_fast2bfq_145,42.464017404981554,63.93713592418068
epigenomics_6328_fast2bfq_146,44.882073015800536,75.03558393819563
epigenomics_6328_fast2bfq_147,45.716405358859966,77.27062831222996
epigenomics_6328_fast2bfq_148,43.612111383690646,77.57279600760448
epigenomics_6328_fast2bfq_149,60.63934074252184,89.58413244279609
epigenomics_6328_fast2bfq_150,40.46979558274652,87.87127522155106
epigenomics_6328_fast2bfq_151,47.52383787103977,83.64649645002773
epigenomics_6328_fast2bfq_152,36.2555036817313,83.39876873042293
epigenomics_6328_fast2bfq_153,47.75757869593337,81.7474802148327
epigenomics_6328_fast2bfq_154,31.381588204717985,84.69658016696658
epigenomics_6328_fast2bfq_155,47.34335925460052,83.21897685156252
epigenomics_6328_fast2bfq_156,55.672392220523086,62.39422269511823
epigenomics_6328_fast2bfq_157,58.91806859780283,80.72325017229953
epigenomics_6328_fast2bfq_158,56.08644825005589,75.77056436383903
epigenomics_6328_fast2bfq_159,43.17102262240002,79.14394844579407
epigenomics_6328_fast2bfq_160,46.69848628498463,75.85382805337892
epigenomics_6328_fast2bfq_161,47.029161618388216,79.29598509786268
epigenomics_6328_fast2bfq_162,35.0567114088973,71.59120625047724
epigenomics_6328_fast2bfq_163,48.608936857066965,79.24330509654037
epigenomics_6328_fast2bfq_164,39.49587940907373,93.04788566500663
epigenomics_6328_fast2bfq_165,41.70795913850417,80.07095058827885
epigenomics_6328_fast2bfq_166,51.93715511366457,85.84471379289769
epigenomics_6328_fast2bfq_167,46.19377426015858,79.69475147875393
epigenomics_6328_fast2bfq_168,40.27269386388081,76.88220197723771
epigenomics_6328_fast2bfq_169,40.17304447972228,80.24681334142367
epigenomics_6328_fast2bfq_170,39.1303713002896,78.13287878134622
epigenomics_6328_fast2bfq_171,53.04699965961247,95.68230547418369
epigenomics_6328_fast2bfq_172,50.07748156125609,81.482963193293
epigenomics_6328_fast2bfq_173,26.394474362513346,82.96437876673124
epigenomics_6328_fast2bfq_174,44.88974207066041,91.93357746998788
epigenomics_6328_fast2bfq_175,52.289388401548166,93.76882368048354
epigenomics_6328_fast2bfq_176,44.41518517013397,69.50040607215499
epigenomics_6328_fast2bfq_177,51.50586490038199,82.2917348717849
epigenomics_6328_fast2bfq_178,49.969345141257065,79.6086359723877
epigenomics_6328_fast2bfq_179,31.209631427140344,85.45754960871805
epigenomics_6328_fast2bfq_180,46.334970787343174,80.47072038714273
epigenomics_6328_fast2bfq_181,40.591243330473475,69.32280019809221
epigenomics_6328_fast2bfq_182,38.96069558376066,72.87591544164428
epigenomics_6328_fast2bfq_183,44.48722315653549,83.97838251447482
epigenomics_6328_fast2bfq_184,50.43598764581745,91.20484631889082
epigenomics_6328_fast2bfq_185,39.97364680798881,70.15455687428741
epigenomics_6328_fast2bfq_186,37.05332188779391,79.45029291501838
epigenomics_6328_fast2bfq_187,43.074987736730954,66.874555064395
epigenomics_6328_fast2bfq_188,45.158260733602305,69.07026715020059
epigenomics_6328_fast2bfq_189,45.63568035823589,76.54290510144062
epigenomics_6328_fast2bfq_190,41.137902591132395,85.14266029689568
epigenomics_6328_fast2bfq_191,44.074329545253626,72.94345111370757
epigenomics_6328_fast2bfq_192,46.26954284790284,81.61289366311264
epigenomics_6328_fast2bfq_193,37.20050821765907,72.67650289370494
epigenomics_6328_fast2bfq_194,43.25840941195941,79.45904919104491
epigenomics_6328_fast2bfq_195,37.74196561197577,82.72598580640725
epigenomics_6328_fast2bfq_196,32.77938093365961,99.9475956757228
epigenomics_6328_fast2bfq_197,34.66758650006339,71.493792348584
epigenomics_6328_fast2bfq_198,48.68332224097248,86.26313704282667
epigenomics_6328_fast2bfq_199,49.06782152456702,81.87300704569441
epigenomics_6328_fast2bfq_200,42.55007572379471,81.11525286120273
epigenomics_6328_fast2bfq_201,39.10016253112537,75.69297316639802
epigenomics_6328_fast2bfq_202,48.928397069398585,72.59043576373303
epigenomics_6328_fast2bfq_203,50.818035119955454,85.75935794826742
epigenomics_6328_fast2bfq_204,34.09316963296614,72.46601759210179
epigenomics_6328_fast2bfq_205,34.05626013728673,89.64337550512431
epigenomics_6328_fast2bfq_206,38.70364963600618,76.29123774170182
epigenomics_6328_fast2bfq_207,43.179740396254026,72.61876352176978
epigenomics_6328_fast2bfq_208,34.62644714435555,80.37718292686013
epigenomics_6328_fast2bfq_209,33.6271829665773,76.14220639228331
epigenomics_6328_fast2bfq_210,48.84748560696749,88.02118073811812
epigenomics_6328_fast2bfq_211,42.236316455431485,96.38783186050327
epigenomics_6328_fast2bfq_212,33.75912704579521,92.75701243394128
epigenomics_6328_fast2bfq_213,39.82104199869407,85.41235547251517
epigenomics_6328_fast2bfq_214,40.87433684836046,72.56896100424262
epigenomics_6328_fast2bfq_215,49.0450249196473,80.10258253435025
epigenomics_6328_fast2bfq_216,18.291599957187728,79.36497070310992
epigenomics_6328_fast2bfq_217,47.32710733807048,85.21281751353003
epigenomics_6328_fast2bfq_218,48.80225140239778,68.45720018553517
epigenomics_6328_fast2bfq_219,47.96766839833731,86.80259119839063
epigenomics_6328_fast2bfq_220,39.815079267627716,88.21725944584588
epigenomics_6328_fast2bfq_221,46.44251652886526,67.94611874427538
epigenomics_6328_fast2bfq_222,38.66392806979378,82.6369046354298
epigenomics_6328_fast2bfq_223,46.8269170630878,88.82948186636295
epigenomics_6328_fast2bfq_224,44.157171954265884,83.45842117828379
epigenomics_6328_fast2bfq_225,46.20161888738246,85.8917999309021
epigenomics_6328_fast2bfq_226,45.710308194565336,73.79993386511643
epigenomics_6328_fast2bfq_227,48.678848465462295,73.54780419103416
epigenomics_6328_fast2bfq_228,35.53884385470464,75.70771628146967
epigenomics_6328_fast2bfq_229,54.09481150718559,83.14470021186276
epigenomics_6328_fast2bfq_230,55.79023968393229,74.01906542223645
epigenomics_6328_fast2bfq_231,38.27784130003948,95.72378063195448
epigenomics_6328_fast2bfq_232,52.77955489751562,78.46636974346953
epigenomics_6328_fast2bfq_233,57.825068283213135,73.48776990695357
epigenomics_6328_fast2bfq_234,45.178218037565905,76.17408935259166
epigenomics_6328_fast2bfq_235,43.543941468117865,74.24701665305848
epigenomics_6328_fast2bfq_236,50.79234629137944,78.47439013949136
epigenomics_6328_fast2bfq_237,44.92581636657353,98.01026144222365
epigenomics_6328_fast2bfq_238,43.267347302666344,79.53690585814485
epigenomics_6328_fast2bfq_239,52.79974119335196,84.35661383185433
epigenomics_6328_fast2bfq_240,39.142214849746544,72.46784079792243
epigenomics_6328_fast2bfq_241,54.508482310178145,80.48620607348847
epigenomics_6328_fast2bfq_242,38.95809239080432,85.05200582032215
epigenomics_6328_fast2bfq_243,44.8440894971245,78.73464273661325
epigenomics_6328_fast2bfq_244,45.81527596174947,65.5770204719619
epigenomics_6328_fast2bfq_245,40.71907045440405,83.56193930460505
epigenomics_6328_fast2bfq_246,44.84539636964717,79.84208751411752
epigenomics_6328_fast2bfq_247,32.65539731155062,75.74576043129895
epigenomics_6328_fast2bfq_248,42.674274290378335,81.3889295596031
epigenomics_6328_fast2bfq_249,46.65341495164065,70.50244348485055
epigenomics_6328_fast2bfq_250,50.817386575071396,78.92999871620343
epigenomics_6328_fast2bfq_251,47.39171854696712,81.67607901160154
epigenomics_6328_fast2bfq_252,43.91709803765144,80.69130318139332
epigenomics_6328_fast2bfq_253,53.72100060005967,76.58098748395881
epigenomics_6328_fast2bfq_254,44.89760123787902,90.10928111932672
epigenomics_6328_fast2bfq_255,45.761827536373424,68.92430914150607
epigenomics_6328_fast2bfq_256,45.08322372351242,93.49603095908388
epigenomics_6328_fast2bfq_257,42.828327275846235,86.33848352547724
epigenomics_6328_fast2bfq_258,45.59738285832813,84.59211088862475
epigenomics_6328_fast2bfq_259,49.150558526534326,71.26857835176423
epigenomics_6328_fast2bfq_260,46.585161750441856,73.90494107633418
epigenomics_6328_fast2bfq_261,43.528127405618456,81.38275603478138
epigenomics_6328_fast2bfq_262,48.98690402823894,71.7279201771925
epigenomics_6328_fast2bfq_263,55.011418146309815,72.8552524328636
epigenomics_6328_fast2bfq_264,38.39139263414095,73.225415533018
epigenomics_6328_fast2bfq_265,48.06141138717101,86.93358005232295
epigenomics_6328_fast2bfq_266,52.19728727134076,82.83017239999842
epigenomics_6328_fast2bfq_267,37.92895705341632,70.23562449902815
epigenomics_6328_fast2bfq_268,52.55845857862137,61.54110652117373
epigenomics_6328_fast2bfq_269,31.454014117587597,90.48477289518583
epigenomics_6328_fast2bfq_270,48.3102750054621,75.53675887434892
epigenomics_6328_fast2bfq_271,43.10003733126347,73.60022572785921
epigenomics_6328_fast2bfq_272,50.021011739962454,76.20371337540601
epigenomics_6328_fast2bfq_273,51.785611826962956,76.0329458276597
epigenomics_6328_fast2bfq_274,51.67496513249984,63.973355574483776
epigenomics_6328_fast2bfq_275,47.76114854835628,83.65513318541267
epigenomics_6328_fast2bfq_276,43.36769392975649,88.77137631572458
epigenomics_6328_fast2bfq_277,47.06186604605165,75.07730095356753
epigenomics_6328_fast2bfq_278,41.95144725367719,76.08037450539061
epigenomics_6328_fast2bfq_279,40.10035955052923,79.42790054370238
epigenomics_6328_fast2bfq_280,48.819248088442045,76.60448000363523
epigenomics_6328_fast2bfq_281,54.622023652860975,75.14195170485648
epigenomics_6328_fast2bfq_282,45.04919704448551,82.08079454280619
epigenomics_6328_fast2bfq_283,49.30689425727797,76.12323128832482
epigenomics_6328_fast2bfq_284,45.76601267667773,85.48722439333982
epigenomics_6328_fast2bfq_285,46.202417072636784,80.97003906943358
epigenomics_6328_fast2bfq_286,50.56357248237868,87.73133223124523
epigenomics_6328_fast2bfq_287,51.59591922783959,84.07312648782872
epigenomics_6328_fast2bfq_288,36.33397372876548,88.2698782091531
epigenomics_6328_fast2bfq_289,41.35993911802088,85.76936813380334
epigenomics_6328_fast2bfq_290,55.09878821043029,81.55219529750713
epigenomics_6328_fast2bfq_291,45.341056905709976,88.83186557822333
epigenomics_6328_fast2bfq_292,29.7968447742573,79.95662835526775
epigenomics_6328_fast2bfq_293,48.43479609591085,72.81870959511836
epigenomics_6328_fast2bfq_294,42.86717454596351,85.85427099475304
epigenomics_6328_fast2bfq_295,50.472511601802935,84.38490802290907
epigenomics_6328_fast2bfq_296,37.753501804752,77.46132700467231
epigenomics_6328_fast2bfq_297,48.00087166932913,81.28280044665904
epigenomics_6328_fast2bfq_298,33.25877661298058,86.53124243773715
epigenomics_6328_fast2bfq_299,49.724509477331225,92.38401298967713
epigenomics_6328_fast2bfq_300,50.08853877103473,72.67150777016514
epigenomics_6328_fast2bfq_301,51.164834014586866,94.54459429253637
epigenomics_6328_fast2bfq_302,44.37555162930819,84.65428990286046
epigenomics_6328_fast2bfq_303,45.34346454335933,81.0695575080517
epigenomics_6328_fast2bfq_304,40.97900765557623,85.7767739645409
epigenomics_6328_fast2bfq_305,51.30842471721827,74.26317486907614
epigenomics_6328_fast2bfq_306,42.22689615798942,81.53338772621828
epigenomics_6328_fast2bfq_307,47.42553185517286,81.17925309652277
epigenomics_6328_fast2bfq_308,50.16718846177398,88.72506982442506
epigenomics_6328_fast2bfq_309,50.353769737634195,74.99851550850117
epigenomics_6328_fast2bfq_310,42.107077107843764,72.84443321603764
epigenomics_6328_fast2bfq_311,42.16364853635706,66.5433923566007
epigenomics_6328_fast2bfq_312,54.52831266273094,76.16125788100517
epigenomics_6328_fast2bfq_313,46.47934500420077,81.82771938641943
epigenomics_6328_fast2bfq_314,54.40089414764505,74.5277121535961
epigenomics_6328_fast2bfq_315,45.80927294296735,76.23906159165742
epigenomics_6328_fast2bfq_316,50.98707818060419,85.4674535973109
epigenomics_6328_fast2bfq_317,47.65441876127776,73.41645155228831
epigenomics_6328_fast2bfq_318,48.817622169665384,75.34775911600053
epigenomics_6328_fast2bfq_319,50.61991845318213,82.17603047616245
epigenomics_6328_fast2bfq_320,44.36693040226589,81.77053918299745
epigenomics_6328_fast2bfq_321,47.84411104603768,77.11972543708345
epigenomics_6328_fast2bfq_322,57.94356653822741,80.03329658663256
epigenomics_6328_fast2bfq_323,51.359932091312395,76.16208723536285
epigenomics_6328_fast2bfq_324,55.35682730014817,80.69132204719996
epigenomics_6328_fast2bfq_325,29.9723600972423,71.35654908753966
epigenomics_6328_fast2bfq_326,41.52215299589117,74.89744962138737
epigenomics_6328_fast2bfq_327,44.07654425649383,95.18812122838293
epigenomics_6328_fast2bfq_328,41.735684344614974,62.026839361594725
epigenomics_6328_fast2bfq_329,41.303012932831,88.27185030089382
epigenomics_6328_fast2bfq_330,49.76604560161311,84.34136829838586
epigenomics_6328_fast2bfq_331,45.520464288165314,84.34925461071731
epigenomics_6328_fast2bfq_332,44.77292958690705,61.47705401765114
epigenomics_6328_fast2bfq_333,46.8882403987165,65.7142547477989
epigenomics_6328_fast2bfq_334,46.80346960001019,80.6307098773788
epigenomics_6328_fast2bfq_335,56.98976376918701,68.19621997693949
epigenomics_6328_fast2bfq_336,53.33825696216441,83.91110438676168
epigenomics_6328_fast2bfq_337,38.141546787158475,69.94708424298597
epigenomics_6328_fast2bfq_338,53.928914081873344,90.20704407804364
epigenomics_6328_fast2bfq_339,44.41896863324148,80.0265873013721
epigenomics_6328_fast2bfq_340,44.16921719426978,82.81043676042152
epigenomics_6328_fast2bfq_341,36.540186129215506,74.2139118631827
epigenomics_6328_fast2bfq_342,39.17693565257339,79.03855167619238
epigenomics_6328_fast2bfq_343,43.6274977213252,81.30891668409967
epigenomics_6328_fast2bfq_344,43.72440017788213,80.00696941861673
epigenomics_6328_fast2bfq_345,36.662437527093026,92.68571093106148
epigenomics_6328_fast2bfq_346,42.604973187291,73.32035043998691
epigenomics_6328_fast2bfq_347,49.914278914414886,75.67280217344961
epigenomics_6328_fast2bfq_348,41.91593493329185,77.43804634785482
epigenomics_6328_fast2bfq_349,44.83430827417393,70.9658396197591
epigenomics_6328_fast2bfq_350,52.666007479959056,79.21354564967831
epigenomics_6328_fast2bfq_351,34.250348049590755,80.62999160608223
epigenomics_6328_fast2bfq_352,39.806549228480684,93.37114024444553
epigenomics_6328_fast2bfq_353,42.16520349624004,78.45899289956469
epigenomics_6328_fast2bfq_354,37.62883019711264,89.38937031388944
epigenomics_6328_fast2bfq_355,35.97903693790175,69.70361149093628
epigenomics_6328_fast2bfq_356,50.7548412580128,68.87791776093985
epigenomics_6328_fast2bfq_357,43.54166469928996,74.71838930333008
epigenomics_6328_fast2bfq_358,49.07513979660942,74.73390772640987
epigenomics_6328_fast2bfq_359,52.48805406985916,73.11248150309878
epigenomics_6328_fast2bfq_360,41.63518013315642,86.62690550134971
epigenomics_6328_fast2bfq_361,34.04139646641708,78.58565267195614
epigenomics_6328_fast2bfq_362,52.719604316493886,83.92609617255333
epigenomics_6328_fast2bfq_363,37.6248405850041,83.51330700435774
epigenomics_6328_fast2bfq_364,40.25264323476358,72.57985131639776
epigenomics_6328_fast2bfq_365,44.806703212507585,78.52911771317622
epigenomics_6328_fast2bfq_366,30.856676475990348,86.83951424309753
epigenomics_6328_fast2bfq_367,39.22662212843562,72.06782166034404
epigenomics_6328_fast2bfq_368,46.80170799459875,82.82026418348323
epigenomics_6328_fast2bfq_369,39.67684755806823,73.00131646945215
epigenomics_6328_fast2bfq_370,46.25874746592756,82.20282795041759
epigenomics_6328_fast2bfq_371,54.730739910826905,80.13367720021856
epigenomics_6328_fast2bfq_372,44.41596152330468,82.5639623410586
epigenomics_6328_fast2bfq_373,44.05219914427583,81.47616631542776
epigenomics_6328_fast2bfq_374,54.14908561617931,82.87156845565531
epigenomics_6328_fast2bfq_375,39.21057795736264,76.19937970616596
epigenomics_6328_fast2bfq_376,44.968087115296356,91.16692065868222
epigenomics_6328_fast2bfq_377,38.44541059668288,80.3815011544129
epigenomics_6328_fast2bfq_378,45.67043320345281,71.92036913567317
epigenomics_6328_fast2bfq_379,38.95974708363237,90.1772614178702
epigenomics_6328_fast2bfq_380,49.630654640083925,75.85483948663884
epigenomics_6328_fast2bfq_381,31.24702224392993,74.04901588791535
epigenomics_6328_fast2bfq_382,56.807957388967154,72.12370795603967
epigenomics_6328_fast2bfq_383,43.29850465232422,79.97799127728663
epigenomics_6328_fast2bfq_384,49.4442755124695,84.7600776212301
epigenomics_6328_fast2bfq_385,45.522253712271905,77.64159000317346
epigenomics_6328_fast2bfq_386,44.8852938651568,85.86855525458841
epigenomics_6328_fast2bfq_387,40.40834962616309,69.7455618045996
epigenomics_6328_fast2bfq_388,45.01709768554151,88.48869661740238
epigenomics_6328_fast2bfq_389,43.984717956174265,78.56619806254658
epigenomics_6328_fast2bfq_390,34.35521724413782,83.34396290692571
epigenomics_6328_fast2bfq_391,47.42667758122639,78.57398534713394
epigenomics_6328_fast2bfq_392,37.58219948490816,84.2101831426765
epigenomics_6328_fast2bfq_393,39.21908227514897,93.65477708918266
epigenomics_6328_fast2bfq_394,37.33664447940682,79.96380265191364
epigenomics_6328_fast2bfq_395,42.98689800518753,79.47323689237578
epigenomics_6328_fast2bfq_396,57.166189375765896,76.45327475147705
epigenomics_6328_fast2bfq_397,44.81527644870235,91.4323824916917
epigenomics_6328_fast2bfq_398,42.69754459464623,80.50242240152974
epigenomics_6328_fast2bfq_399,45.766510023740196,78.02108530220532
epigenomics_6328_fast2bfq_400,38.395830704782114,75.17770397713751
epigenomics_6328_fast2bfq_401,46.65326286252677,80.81032919539155
epigenomics_6328_fast2bfq_402,41.73289570863893,78.03420294113806
epigenomics_6328_fast2bfq_403,54.15886534226418,80.66465198309659
epigenomics_6328_fast2bfq_404,48.87653620558993,76.82131089721247
epigenomics_6328_fast2bfq_405,48.99213618243601,76.57774312708983
epigenomics_6328_fast2bfq_406,43.01352169723869,77.47657747134089
epigenomics_6328_fast2bfq_407,48.611165196372376,77.04569839423627
epigenomics_6328_fast2bfq_408,39.65670313271267,77.32477099540337
epigenomics_6328_fast2bfq_409,43.592685968758595,86.22412930543159
epigenomics_6328_fast2bfq_410,36.650059104372374,77.01459736514077
epigenomics_6328_fast2bfq_411,53.30755358537926,82.60907081054457
epigenomics_6328_fast2bfq_412,47.57337803494005,85.32274208117833
epigenomics_6328_fast2bfq_413,47.85676271887231,70.30434246591524
epigenomics_6328_fast2bfq_414,42.38826905298373,69.08522614215713
epigenomics_6328_fast2bfq_415,39.570131516353776,84.48104237781425
epigenomics_6328_fast2bfq_416,38.34048926343778,74.76314599832804
epigenomics_6328_fast2bfq_417,41.48421066978444,87.59501454748028
epigenomics_6328_fast2bfq_418,34.86005194649355,78.18138825586324
epigenomics_6328_fast2bfq_419,45.25521933674438,78.98962849398724
epigenomics_6328_fast2bfq_420,45.781151640325156,92.08930621228377
epigenomics_6328_fast2bfq_421,38.21869229318144,88.49298608656599
epigenomics_6328_fast2bfq_422,55.35209339182272,82.69400904765136
epigenomics_6328_fast2bfq_423,44.838996277463664,80.8419274259602
epigenomics_6328_fast2bfq_424,54.104946673222926,80.50812393203317
epigenomics_6328_fast2bfq_425,39.591127864586085,83.84462404160286
epigenomics_6328_fast2bfq_426,49.22284092404031,66.76836047063665
epigenomics_6328_fast2bfq_427,46.60643870985282,85.00974642721202
epigenomics_6328_fast2bfq_428,40.08360004569022,99.02745231108568
epigenomics_6328_fast2bfq_429,32.355083197648185,78.35486364002793
epigenomics_6328_fast2bfq_430,35.57625873464819,78.48235380109341
epigenomics_6328_fast2bfq_431,51.28609565534515,87.71091294340354
epigenomics_6328_fast2bfq_432,44.36451361226929,67.80791730842867
epigenomics_6328_fast2bfq_433,47.38884295275466,68.7523426630233
epigenomics_6328_fast2bfq_434,40.025856089457356,78.6457113927984
epigenomics_6328_fast2bfq_435,40.880853114664205,92.40385634350682
epigenomics_6328_fast2bfq_436,51.10438422791032,73.90195524531805
epigenomics_6328_fast2bfq_437,40.91821205901091,88.42924560993924
epigenomics_6328_fast2bfq_438,41.44768881399827,84.76564885101854
epigenomics_6328_fast2bfq_439,31.98960413097666,91.21268388393925
epigenomics_6328_fast2bfq_440,46.497127909865156,76.99642332085395
epigenomics_6328_fast2bfq_441,46.29345710866831,84.31195147903796
epigenomics_6328_fast2bfq_442,47.48039038647443,80.50635972880856
epigenomics_6328_fast2bfq_443,45.67832916031438,71.87978375903981
epigenomics_6328_fast2bfq_444,49.4875608751256,83.28717297367263
epigenomics_6328_fast2bfq_445,41.201389409641294,78.0480267749297
epigenomics_6328_fast2bfq_446,49.118765786383726,74.31821757824102
epigenomics_6328_fast2bfq_447,52.47963049945837,81.56081946418423
epigenomics_6328_fast2bfq_448,40.395377866422386,81.74613403313045
epigenomics_6328_fast2bfq_449,39.21606789408926,84.08214464000184
epigenomics_6328_fast2bfq_450,48.0976893209011,65.50172997475248
epigenomics_6328_fast2bfq_451,41.96788731879143,85.67954493481739
epigenomics_6328_fast2bfq_452,43.910401389768225,85.28517214956688
epigenomics_6328_fast2bfq_453,49.04924216580316,70.92848760097608
epigenomics_6328_fast2bfq_454,59.403697256029744,77.5277954667368
epigenomics_6328_fast2bfq_455,44.89703573503173,75.71834702601116
epigenomics_6328_fast2bfq_456,38.95398906287423,82.54366682697089
epigenomics_6328_fast2bfq_457,32.19036035918612,65.42694359197296
epigenomics_6328_fast2bfq_458,45.66852375395166,80.08783288557726
epigenomics_6328_fast2bfq_459,46.023503479738615,78.87852526008517
epigenomics_6328_fast2bfq_460,48.001658376424466,84.99534010320447
epigenomics_6328_fast2bfq_461,40.92441185475462,67.98992384354015
epigenomics_6328_fast2bfq_462,42.47604404245877,83.24144629479993
epigenomics_6328_fast2bfq_463,54.369791837655015,74.91826253288342
epigenomics_6328_fast2bfq_464,42.227232705035135,89.00792573681935
epigenomics_6328_fast2bfq_465,49.34652840863694,81.91428025397423
epigenomics_6328_fast2bfq_466,64.94951087623916,75.32064184776368
epigenomics_6328_fast2bfq_467,28.228963539772252,81.82544391069749
epigenomics_6328_fast2bfq_468,41.744359936644656,71.67769781922928
epigenomics_6328_fast2bfq_469,45.37545362007626,73.68302163142857
epigenomics_6328_fast2bfq_470,37.576249457268474,77.21350080287404
epigenomics_6328_fast2bfq_471,44.11810933580695,83.48722667153697
epigenomics_6328_fast2bfq_472,43.938634916069034,91.34153490030734
epigenomics_6328_fast2bfq_473,39.49998181659212,73.42371942105565
epigenomics_6328_fast2bfq_474,50.19001584403073,82.27057120943041
epigenomics_6328_fast2bfq_475,32.517487109893366,76.86154818892048
epigenomics_6328_fast2bfq_476,45.790355568970476,82.18283244581194
epigenomics_6328_fast2bfq_477,50.542742292252456,79.8338742737219
epigenomics_6328_fast2bfq_478,39.470239035837224,74.73888180370446
epigenomics_6328_fast2bfq_479,40.04518273168909,76.85462878428996
epigenomics_6328_fast2bfq_480,40.864780532148544,71.91641510530562
epigenomics_6328_fast2bfq_481,35.6635769645574,90.37848365280904
epigenomics_6328_fast2bfq_482,46.291099539165046,70.76230006483604
epigenomics_6328_fast2bfq_483,35.75693419643591,86.82492808803798
epigenomics_6328_fast2bfq_484,52.314013866040256,88.76059834992145
epigenomics_6328_fast2bfq_485,35.54333660668807,85.55440772590147
epigenomics_6328_fast2bfq_486,39.28209623010737,86.54030775547676
epigenomics_6328_fast2bfq_487,43.506575424111304,62.28218543588764
epigenomics_6328_fast2bfq_488,50.684729150625344,75.74745491233536
epigenomics_6328_fast2bfq_489,60.131891685611436,72.77765133017137
epigenomics_6328_fast2bfq_490,52.21874484490386,74.5412635235068
epigenomics_6328_fast2bfq_491,33.8204668187088,84.32302871030431
epigenomics_6328_fast2bfq_492,52.61553383876049,69.24129347492169
epigenomics_6328_fast2bfq_493,47.709867979832424,78.92107503463704
epigenomics_6328_fast2bfq_494,51.760230371732376,77.34112753820426
epigenomics_6328_fast2bfq_495,47.11585595676034,88.53308779319417
epigenomics_6328_fast2bfq_496,40.756788674036486,89.39110060356325
epigenomics_6328_fast2bfq_497,41.933356676554695,86.94524875431964
epigenomics_6328_fast2bfq_498,53.5315153565049,82.1523721563395
epigenomics_6328_fast2bfq_499,42.219915773026045,75.57958450561885
epigenomics_6328_map_0,9323.331147016444,180.57133176137106
epigenomics_6328_map_1,9997.266361655245,190.39155012102876
epigenomics_6328_map_2,9654.973168348459,183.04206900475006
epigenomics_6328_map_3,10440.584534477837,185.21937616208476
epigenomics_6328_map_4,11109.60915285246,183.15569213753173
epigenomics_6328_map_5,9865.307032874824,190.0519639330821
epigenomics_6328_map_6,9989.596100343435,187.17547291348552
epigenomics_6328_map_7,9082.427763119033,187.20795265170503
epigenomics_6328_map_8,9574.619956067643,182.11893675105193
epigenomics_6328_map_9,10486.059288736658,186.18868906150203
epigenomics_6328_map_10,10350.505391473233,190.7069531509322
epigenomics_6328_map_11,10530.41766706306,184.71411649163122
epigenomics_6328_map_12,10826.428753306462,183.7173678454718
epigenomics_6328_map_13,10684.482222415141,190.22238358799467
epigenomics_6328_map_14,10236.264351140755,180.939388322151
epigenomics_6328_map_15,10498.872460636407,183.77615153104946
epigenomics_6328_map_16,9951.137073092663,184.24817545178746
epigenomics_6328_map_17,9077.139682770034,181.87584187650594
epigenomics_6328_map_18,9870.11258222588,185.93785844341852
epigenomics_6328_map_19,9725.823708359942,183.4598777481243
epigenomics_6328_map_20,10507.933611713974,184.11106982203177
epigenomics_6328_map_21,10602.8403334392,179.2406514384488
epigenomics_6328_map_22,10615.385651258517,193.13346563881976
epigenomics_6328_map_23,10179.726595425209,183.1410782209436
epigenomics_6328_map_24,11064.974337904343,174.86081437412398
epigenomics_6328_map_25,10083.689428275877,184.21508532164398
epigenomics_6328_map_26,10777.111475035697,188.68884669734487
epigenomics_6328_map_27,9900.798824286656,191.32447879605206
epigenomics_6328_map_28,10295.531583688855,186.02346205635553
epigenomics_6328_map_29,9935.640941274984,194.317481346113
epigenomics_6328_map_30,10192.04957499493,184.60255937786195
epigenomics_6328_map_31,9614.62519915217,182.31734368601423
epigenomics_6328_map_32,10415.008546487208,178.839481357697
epigenomics_6328_map_33,9772.865874730023,181.09649826820925
epigenomics_6328_map_34,10454.051393789281,188.6211797901073
epigenomics_6328_map_35,10441.530577911646,190.2844481463196
epigenomics_6328_map_36,9233.671338960829,179.2278215873351
epigenomics_6328_map_37,9833.133749262339,192.31567504442478
epigenomics_6328_map_38,9289.114917101713,179.20753301374546
epigenomics_6328_map_39,10093.788273960361,173.51687088461676
epigenomics_6328_map_40,10439.999527603077,179.851317825095
epigenomics_6328_map_41,11305.168957899072,184.7441796879422
epigenomics_6328_map_42,9701.325204820065,185.16567451439374
epigenomics_6328_map_43,9802.86754858279,186.97994583188063
epigenomics_6328_map_44,9464.595812719313,179.64479802697565
epigenomics_6328_map_45,10655.712609107248,176.9326164199598
epigenomics_6328_map_46,9684.535872144437,187.47036956940394
epigenomics_6328_map_47,9597.667124753476,180.97651998633617
epigenomics_6328_map_48,10454.096790892914,181.10968856978982
epigenomics_6328_map_49,9596.634463979004,179.88498921149116
epigenomics_6328_map_50,10038.300568585822,187.2489902371715
epigenomics_6328_map_51,10477.763508439013,182.75172750881907
epigenomics_6328_map_52,9746.701291193593,183.91522751139146
epigenomics_6328_map_53,10274.633490934431,196.33663839693924
epigenomics_6328_map_54,9624.516821379688,182.29586851026588
epigenomics_6328_map_55,9862.795646928407,182.86590856376165
epigenomics_6328_map_56,9840.42614287875,189.31881362612083
epigenomics_6328_map_57,10079.069444259972,169.05617332637047
epigenomics_6328_map_58,10911.247367970229,188.02074488228558
epigenomics_6328_map_59,10082.059957623444,177.38187690192933
epigenomics_6328_map_60,9788.515077194483,178.74462420544597
epigenomics_6328_map_61,10371.668040211329,182.06981910851246
epigenomics_6328_map_62,9655.42067722831,186.3978900967841
epigenomics_6328_map_63,9619.451428440801,183.62232631644633
epigenomics_6328_map_64,9621.487477004615,179.18051955942934
epigenomics_6328_map_65,9297.200941448347,188.00633091358398
epigenomics_6328_map_66,9245.64447508883,191.93824479307327
epigenomics_6328_map_67,9568.888237056195,181.3075347510324
epigenomics_6328_map_68,9095.537734732774,183.69831781188057
epigenomics_6328_map_69,10200.915850671314,181.99736791338603
epigenomics_6328_map_70,9393.865357679424,194.19796987236853
epigenomics_6328_map_71,9374.743405188556,185.2703668190803
epigenomics_6328_map_72,10719.681571980047,186.4866963712696
epigenomics_6328_map_73,9930.348532067474,179.11250665320364
epigenomics_6328_map_74,11012.103097131356,183.13730471332164
epigenomics_6328_map_75,9679.149168981592,185.46584138613755
epigenomics_6328_map_76,9975.205548237836,181.0179342501432
epigenomics_6328_map_77,9496.204383701297,182.3463661277062
epigenomics_6328_map_78,9352.263477169541,188.7583598360857
epigenomics_6328_map_79,10353.227075675371,189.48106509903826
epigenomics_6328_map_80,10373.274867935988,189.9174639476716
epigenomics_6328_map_81,10056.961807704987,186.07528276209828
epigenomics_6328_map_82,10776.361792102705,187.91505757931193
epigenomics_6328_map_83,9571.415560455258,183.54118602410546
epigenomics_6328_map_84,10097.14821499856,178.76714869328697
epigenomics_6328_map_85,9450.926200038853,189.27964501335532
epigenomics_6328_map_86,9710.651014832254,183.15584020120585
epigenomics_6328_map_87,10204.656930374913,184.43077033788308
epigenomics_6328_map_88,10169.077900634573,192.09740095117874
epigenomics_6328_map_89,9800.910096256172,187.80657612250235
epigenomics_6328_map_90,9836.29062394411,182.76954791233777
epigenomics_6328_map_91,10514.113347852766,190.2669119819875
epigenomics_6328_map_92,10176.725772500104,185.12773066606556
epigenomics_6328_map_93,10285.506131984936,178.83646193842745
epigenomics_6328_map_94,8833.374028043329,183.39757327206516
epigenomics_6328_map_95,10170.83543020012,182.10640263488102
epigenomics_6328_map_96,10167.877225253627,181.8275033401371
epigenomics_6328_map_97,9933.642856551929,185.5959293147799
epigenomics_6328_map_98,10461.752557614966,179.9752636708481
epigenomics_6328_map_99,9837.057066382467,181.8038395477425
epigenomics_6328_map_100,9794.509735610172,191.45791417895865
epigenomics_6328_map_101,10037.85604359559,181.47434095727021
epigenomics_6328_map_102,10410.502773442853,185.942844271076
epigenomics_6328_map_103,10908.646338165036,189.11158795815348
epigenomics_6328_map_104,9568.147097501342,182.8990279418481
epigenomics_6328_map_105,9953.057694411023,180.8116562360164
epigenomics_6328_map_106,10152.62656298471,185.60556842668024
epigenomics_6328_map_107,11131.467609512736,181.1154066883492
epigenomics_6328_map_108,9882.825405904088,181.25604016905686
epigenomics_6328_map_109,9689.123749949606,182.83756955880182
epigenomics_6328_map_110,9393.627970391597,176.66466272564244
epigenomics_6328_map_111,10822.236712919219,187.5140453448901
epigenomics_6328_map_112,11035.368831149342,193.92768881604266
epigenomics_6328_map_113,9892.542857033855,180.39532731020972
epigenomics_6328_map_114,9819.045454606145,191.62595759555202
epigenomics_6328_map_115,9868.469738090413,183.60468636541367
epigenomics_6328_map_116,10658.799715370016,180.87672068084368
epigenomics_6328_map_117,9927.740262545392,186.5337147017653
epigenomics_6328_map_118,9866.517688910442,183.92355179317732
epigenomics_6328_map_119,10042.715123441198,189.43877075590913
epigenomics_6328_map_120,9615.530664133634,186.3808218531756
epigenomics_6328_map_121,10090.00914347865,186.08062824503378
epigenomics_6328_map_122,10281.665829484471,184.45179728825093
epigenomics_6328_map_123,10603.354826325072,185.1114546255019
epigenomics_6328_map_124,10070.451056802083,190.79178434087538
epigenomics_6328_map_125,10182.662172417,182.15581958587228
epigenomics_6328_map_126,9976.5196025638,183.44667150086056
epigenomics_6328_map_127,10361.19515424467,194.7048377101767
epigenomics_6328_map_128,9945.01060348323,182.50006181921734
epigenomics_6328_map_129,9214.22955106087,187.2946543356794
epigenomics_6328_map_130,9480.74704875914,182.26006421072333
epigenomics_6328_map_131,9790.93635444077,181.09912585749282
epigenomics_6328_map_132,9665.71549662293,185.81778255722585
epigenomics_6328_map_133,9931.629327415196,183.9204753836041
epigenomics_6328_map_134,10007.880330306061,190.6861404451331
epigenomics_6328_map_135,10546.601803455094,195.03748672255637
epigenomics_6328_map_136,10163.095732449468,182.36705661720018
epigenomics_6328_map_137,10495.886297623803,189.01191301773622
epigenomics_6328_map_138,10496.685623245558,184.8513450205626
epigenomics_6328_map_139,10927.484957690936,188.57523993502116
epigenomics_6328_map_140,9606.11558455302,190.57392275281867
epigenomics_6328_map_141,10915.222105582096,182.33894796964526
epigenomics_6328_map_142,10013.88344622328,184.53235338013855
epigenomics_6328_map_143,10889.19477023349,182.13352961483696
epigenomics_6328_map_144,9473.102620822738,182.95053534909914
epigenomics_6328_map_145,9841.716148733027,192.86302184747487
epigenomics_6328_map_146,10208.80436089181,180.42527137425375
epigenomics_6328_map_147,9898.551499615402,182.2899008771022
epigenomics_6328_map_148,10424.57316952565,176.43478243912998
epigenomics_6328_map_149,9746.169049695443,186.05572358214488
epigenomics_6328_map_150,9875.056936125178,189.55592146556475
epigenomics_6328_map_151,9782.500546941104,182.62041096340303
epigenomics_6328_map_152,10388.377011806175,182.12199196167873
epigenomics_6328_map_153,10497.375148226953,182.6635806803744
epigenomics_6328_map_154,10360.968936543706,179.9072810525043
epigenomics_6328_map_155,10065.514597279016,181.80071838748896
epigenomics_6328_map_156,9383.441391086439,185.11404534940328
epigenomics_6328_map_157,9258.813015498401,192.89074647824955
epigenomics_6328_map_158,10460.138101694114,193.48184448240596
epigenomics_6328_map_159,9022.88330546386,186.22658534335474
epigenomics_6328_map_160,9951.645818796102,184.72466277418346
epigenomics_6328_map_161,10028.263174443966,182.186049212035
epigenomics_6328_map_162,10358.307544007997,193.389314541783
epigenomics_6328_map_163,10160.280169915504,181.32182871752005
epigenomics_6328_map_164,10017.689624195757,187.65411547507122
epigenomics_6328_map_165,9903.926024300785,182.51760492347114
epigenomics_6328_map_166,9470.64626717457,195.4858966520286
epigenomics_6328_map_167,9683.059762249168,186.17529225119125
epigenomics_6328_map_168,9395.5626211534,182.77292443288513
epigenomics_6328_map_169,10141.535869205767,188.7593846704246
epigenomics_6328_map_170,10640.354704260853,183.6354831984237
epigenomics_6328_map_171,9710.571629896695,184.51005697800647
epigenomics_6328_map_172,9640.809310260078,184.09159904581477
epigenomics_6328_map_173,9572.30122859746,189.1730675880315
epigenomics_6328_map_174,9866.750525515434,188.0203013950142
epigenomics_6328_map_175,9265.476325192714,190.16738304690122
epigenomics_6328_map_176,9873.394282106055,183.82548726070627
epigenomics_6328_map_177,9358.686446501479,185.44431168967245
epigenomics_6328_map_178,10648.916869596522,179.90643944380693
epigenomics_6328_map_179,10570.274554473921,183.9139292051803
epigenomics_6328_map_180,10083.690627421702,185.5930859498669
epigenomics_6328_map_181,9565.863666840889,184.39539469117787
epigenomics_6328_map_182,10516.878785286086,188.31181132312423
epigenomics_6328_map_183,9423.134492756297,187.4355487182421
epigenomics_6328_map_184,8903.191680834849,187.15843981352927
epigenomics_6328_map_185,10148.60950784409,183.4339142765315
epigenomics_6328_map_186,9279.294781867666,186.92344303715083
epigenomics_6328_map_187,9653.697665431837,184.88690429681398
epigenomics_6328_map_188,10239.370315496917,179.41551815753388
epigenomics_6328_map_189,10584.106911417226,181.6244923979525
epigenomics_6328_map_190,11355.211266404383,185.76274202829836
epigenomics_6328_map_191,10105.895450361635,179.44507896666323
epigenomics_6328_map_192,10086.379052715123,184.36738077287941
epigenomics_6328_map_193,10200.443088273169,175.6170439177857
epigenomics_6328_map_194,10905.533605485398,178.52382181903866
epigenomics_6328_map_195,10269.741438528452,182.63286033344784
epigenomics_6328_map_196,9878.566271461495,183.6934904540467
epigenomics_6328_map_197,10296.594462619058,184.10898299160982
epigenomics_6328_map_198,9888.951284051189,184.84368982858354
epigenomics_6328_map_199,9824.012017343248,184.238042073498
epigenomics_6328_map_200,9184.335539062857,169.85423486751029
epigenomics_6328_map_201,10848.465984770268,187.6517261032238
epigenomics_6328_map_202,10908.254262356357,186.31273965875624
epigenomics_6328_map_203,9233.812919312806,185.9030819726049
epigenomics_6328_map_204,9936.685296244928,183.5706381584655
epigenomics_6328_map_205,10397.408919811814,193.7287763623849
epigenomics_6328_map_206,10145.231865237818,183.95228868227272
epigenomics_6328_map_207,11470.556713291668,182.32412635216943
epigenomics_6328_map_208,10170.314768681958,182.1739245045095
epigenomics_6328_map_209,9763.244978772129,183.58012767937663
epigenomics_6328_map_210,10227.881444137636,182.76705205534958
epigenomics_6328_map_211,10377.052796650569,177.00957123350716
epigenomics_6328_map_212,9798.864845391501,182.44901974987496
epigenomics_6328_map_213,9417.548310768692,184.30846651281124
epigenomics_6328_map_214,9884.638772102426,180.78699430035283
epigenomics_6328_map_215,9875.41515640062,187.83554887561476
epigenomics_6328_map_216,10681.149468155721,189.94506052977363
epigenomics_6328_map_217,10288.820645656115,189.35347439252195
epigenomics_6328_map_218,9225.64202213065,190.93337963339715
epigenomics_6328_map_219,11124.245871462479,176.86524361086768
epigenomics_6328_map_220,9924.08387373806,180.70254110230326
epigenomics_6328_map_221,9367.110493368924,177.35984180569304
epigenomics_6328_map_222,10423.055417234304,186.55491881133187
epigenomics_6328_map_223,10572.343845690764,193.8097083021087
epigenomics_6328_map_224,10031.079983364636,182.4509507729094
epigenomics_6328_map_225,10404.17237535424,180.31828630377868
epigenomics_6328_map_226,10661.707947728515,183.91875750551912
epigenomics_6328_map_227,10184.940804146527,186.05516895621122
epigenomics_6328_map_228,8477.125944214096,188.90976628101137
epigenomics_6328_map_229,10207.949683988374,184.38472602228123
epigenomics_6328_map_230,9934.892313846665,184.96502805144797
epigenomics_6328_map_231,9744.003228701293,190.7590123704771
epigenomics_6328_map_232,9731.620001731359,184.24685632049963
epigenomics_6328_map_233,9448.515339044829,178.32577655695582
epigenomics_6328_map_234,11274.447512439707,181.55429417398466
epigenomics_6328_map_235,9924.518987582313,185.23828626209166
epigenomics_6328_map_236,9981.058218263917,186.48891394364307
epigenomics_6328_map_237,10395.44683970408,180.6304555898704
epigenomics_6328_map_238,10283.610252333412,187.85324493711119
epigenomics_6328_map_239,10470.471372441867,185.126086332239
epigenomics_6328_map_240,9358.899677724316,189.52600943939024
epigenomics_6328_map_241,9518.346625637623,185.75731519072016
epigenomics_6328_map_242,10243.817574688186,189.7946381717441
epigenomics_6328_map_243,9144.58366578481,180.12457783786854
epigenomics_6328_map_244,10086.041602914616,184.93672735300677
epigenomics_6328_map_245,10001.426642344017,187.7615998280007
epigenomics_6328_map_246,9763.641497573211,177.21309545964814
epigenomics_6328_map_247,9402.649135822903,179.59989628922168
epigenomics_6328_map_248,10035.142362901835,185.35174815605953
epigenomics_6328_map_249,10036.724743673565,188.41113090784577
epigenomics_6328_map_250,10566.578927956669,184.52250369665333
epigenomics_6328_map_251,9603.602158048909,184.02746467522766
epigenomics_6328_map_252,8993.65509875594,183.80919367702407
epigenomics_6328_map_253,9511.028660731516,192.5853686893816
epigenomics_6328_map_254,10592.33972268343,177.24301295735697
epigenomics_6328_map_255,10429.595341719278,182.51576772765094
epigenomics_6328_map_256,9353.08688439745,191.12436877474758
epigenomics_6328_map_257,9742.246734896324,189.63102279439397
epigenomics_6328_map_258,10785.427870917569,190.20192364444526
epigenomics_6328_map_259,9790.268050317549,180.97750531301412
epigenomics_6328_map_260,9048.227792512896,192.43292859163918
epigenomics_6328_map_261,10080.59956613805,185.6673801315322
epigenomics_6328_map_262,9254.184587338665,184.45516705574346
epigenomics_6328_map_263,9930.019757515878,190.11497835237023
epigenomics_6328_map_264,8932.79416590599,182.67560143513327
epigenomics_6328_map_265,10385.800088114474,190.91724330481787
epigenomics_6328_map_266,9353.879640229448,183.92741438487215
epigenomics_6328_map_267,10080.61552203405,182.66872195346846
epigenomics_6328_map_268,9840.887720016668,186.10537472467314
epigenomics_6328_map_269,9497.637055025087,182.97164340722588
epigenomics_6328_map_270,9518.570509072268,188.9675938953603
epigenomics_6328_map_271,9631.110619569637,187.74317135250243
epigenomics_6328_map_272,9380.518239083769,185.18906994889818
epigenomics_6328_map_273,10339.532009605515,189.0445963642058
epigenomics_6328_map_274,10543.147032033621,188.71155577186502
epigenomics_6328_map_275,10476.248895755945,182.76587141387517
epigenomics_6328_map_276,10495.129881806413,186.70248310294778
epigenomics_6328_map_277,10022.88593865427,185.55477654269944
epigenomics_6328_map_278,11018.577699400488,189.82624790134471
epigenomics_6328_map_279,9173.761901767175,185.162807911441
epigenomics_6328_map_280,10025.045202402694,193.608167838635
epigenomics_6328_map_281,9466.705967990369,184.47923078523098
epigenomics_6328_map_282,10034.40817429801,182.44067390480046
epigenomics_6328_map_283,10003.704327201187,179.89545648091197
epigenomics_6328_map_284,10902.185507605416,179.78952123624077
epigenomics_6328_map_285,9795.27861180603,184.98080907664547
epigenomics_6328_map_286,9684.45480414688,184.5580257399629
epigenomics_6328_map_287,9667.07311904111,183.5685879995419
epigenomics_6328_map_288,10272.460601758548,186.94978981200708
epigenomics_6328_map_289,10775.091290622953,183.52877170682407
epigenomics_6328_map_290,9751.874869080342,184.05491787772468
epigenomics_6328_map_291,9735.176669360864,189.48727366420727
epigenomics_6328_map_292,10759.11365909763,191.69161639366868
epigenomics_6328_map_293,10397.863086363095,175.63581711878447
epigenomics_6328_map_294,9941.063205623694,190.77063858700677
epigenomics_6328_map_295,10812.513327582954,186.22062356959606
epigenomics_6328_map_296,9557.849022107182,190.15346791705397
epigenomics_6328_map_297,10314.723528662675,180.79900145704298
epigenomics_6328_map_298,9969.497076188409,177.02490026948135
epigenomics_6328_map_299,9983.302172814841,187.29401296116149
epigenomics_6328_map_300,9468.009564100334,188.1642568730262
epigenomics_6328_map_301,10271.307862528736,192.43556579938746
epigenomics_6328_map_302,10129.035444889863,197.50002589380333
epigenomics_6328_map_303,9385.632216738417,178.70858929381436
epigenomics_6328_map_304,9466.250508367346,176.65141931332113
epigenomics_6328_map_305,11123.507696574783,180.99227471956624
epigenomics_6328_map_306,9977.93418261621,182.6931653664156
epigenomics_6328_map_307,9845.52573772493,189.09715636070314
epigenomics_6328_map_308,10218.513140250929,183.4778930412673
epigenomics_6328_map_309,10470.528746677197,180.77714357930347
epigenomics_6328_map_310,10225.351301723826,187.863343380509
epigenomics_6328_map_311,10837.015828805346,185.14969433626092
epigenomics_6328_map_312,10991.665978664856,184.77746782014765
epigenomics_6328_map_313,10087.600008172029,186.13709401688473
epigenomics_6328_map_314,9911.840084217754,183.87448156729914
epigenomics_6328_map_315,9579.447453498315,190.62673684824244
epigenomics_6328_map_316,10048.620885045682,184.89228550150665
epigenomics_6328_map_317,10108.796185063007,192.9659587672042
epigenomics_6328_map_318,9661.10778605255,186.83329330642638
epigenomics_6328_map_319,9597.433881753526,187.53794576333965
epigenomics_6328_map_320,9689.395389424697,185.66176201820994
epigenomics_6328_map_321,9849.308194083975,182.66066541094114
epigenomics_6328_map_322,10406.663856986208,184.94449780616034
epigenomics_6328_map_323,10285.954645053424,186.3943305845856
epigenomics_6328_map_324,10010.139311341882,188.0120448787716
epigenomics_6328_map_325,9682.097003851675,182.51126718023886
epigenomics_6328_map_326,9613.531641197787,194.7505855001419
epigenomics_6328_map_327,10156.225384203191,192.14010144591026
epigenomics_6328_map_328,9894.434227109494,196.67796112195757
epigenomics_6328_map_329,10849.522876926905,182.2644360139136
epigenomics_6328_map_330,10527.970782976794,185.6515180256228
epigenomics_6328_map_331,10160.821049258915,191.87748138340427
epigenomics_6328_map_332,9602.258271202192,181.7666489894839
epigenomics_6328_map_333,10177.755876587193,181.81430728607072
epigenomics_6328_map_334,9852.355756662144,184.67135107573972
epigenomics_6328_map_335,10036.449694793595,189.08606690831587
epigenomics_6328_map_336,10518.408193535935,183.69010039208194
epigenomics_6328_map_337,10025.39094621766,185.6952949812436
epigenomics_6328_map_338,10509.21762745155,190.97085414277754
epigenomics_6328_map_339,9168.061550691662,180.66694715294702
epigenomics_6328_map_340,9319.277141377599,189.52235590638637
epigenomics_6328_map_341,9456.914865077315,180.3785451170137
epigenomics_6328_map_342,9855.522822400499,184.120546675217
epigenomics_6328_map_343,10234.822218845124,183.4656181279
epigenomics_6328_map_344,10292.342286109086,183.03580924808276
epigenomics_6328_map_345,8984.121738529353,184.44585499129707
epigenomics_6328_map_346,10472.476666815171,178.69059620013175
epigenomics_6328_map_347,9647.623431985518,177.95681742204243
epigenomics_6328_map_348,9959.121086817213,179.4139511341366
epigenomics_6328_map_349,9705.074949025746,191.6981045528052
epigenomics_6328_map_350,10467.207394424198,192.89919696809753
epigenomics_6328_map_351,11094.812634362603,183.97140268105346
epigenomics_6328_map_352,10113.694808449523,187.9337077929613
epigenomics_6328_map_353,10333.016269831944,179.6180241643552
epigenomics_6328_map_354,10136.160198445057,187.23766943928592
epigenomics_6328_map_355,9580.012806186354,181.64831975521565
epigenomics_6328_map_356,9050.589856018836,186.7558067664967
epigenomics_6328_map_357,9837.417578180935,168.5804173012107
epigenomics_6328_map_358,10081.39176059694,188.45274250100752
epigenomics_6328_map_359,9883.786987881333,180.88698304712702
epigenomics_6328_map_360,10588.012636057378,184.82593782224666
epigenomics_6328_map_361,10489.135217478559,188.4018773733401
epigenomics_6328_map_362,9068.212691164577,178.1359939865216
epigenomics_6328_map_363,10097.517539285374,185.37689925920142
epigenomics_6328_map_364,10616.778361009123,182.39130966784018
epigenomics_6328_map_365,8628.136009141803,189.69114930947492
epigenomics_6328_map_366,9640.22695488329,183.1135723351403
epigenomics_6328_map_367,10133.534703754805,193.51987738473707
epigenomics_6328_map_368,10092.902505669457,187.68350959139096
epigenomics_6328_map_369,10287.97381057714,189.15398915960466
epigenomics_6328_map_370,10429.284690172644,185.2227966517407
epigenomics_6328_map_371,9679.996915503563,182.9427798757387
epigenomics_6328_map_372,10440.225292924259,185.05661725668435
epigenomics_6328_map_373,10213.559835056061,176.43667290138023
epigenomics_6328_map_374,10198.289682494305,188.8619058129908
epigenomics_6328_map_375,10313.368331777292,187.00395186511685
epigenomics_6328_map_376,9912.470174957272,177.37491090258854
epigenomics_6328_map_377,10387.108763765264,186.29111150520063
epigenomics_6328_map_378,10083.353784132998,184.95827743293847
epigenomics_6328_map_379,10854.366841071891,184.35581505521978
epigenomics_6328_map_380,10367.283505635553,181.8614874029976
epigenomics_6328_map_381,10415.913583723983,186.4713957682529
epigenomics_6328_map_382,9382.398997330507,183.34573983607893
epigenomics_6328_map_383,10692.163495195362,189.3200038233275
epigenomics_6328_map_384,9783.343354400851,186.2913153500814
epigenomics_6328_map_385,9018.857089542757,184.99912113830143
epigenomics_6328_map_386,9790.690755550664,178.91461686287352
epigenomics_6328_map_387,9853.545141069124,192.3018061289305
epigenomics_6328_map_388,11096.505143718665,183.4804248061269
epigenomics_6328_map_389,9092.237745800354,182.2801657092663
epigenomics_6328_map_390,9694.060948709148,185.0478549698257
epigenomics_6328_map_391,9760.26552501852,187.50126788251623
epigenomics_6328_map_392,10813.866759126555,185.2321269286982
epigenomics_6328_map_393,10219.760802701856,186.23496295439574
epigenomics_6328_map_394,10120.213147545814,184.49592051920908
epigenomics_6328_map_395,9928.841195124702,193.4496398847681
epigenomics_6328_map_396,9958.64115790327,181.4046572484954
epigenomics_6328_map_397,9803.484070239503,184.20174801927055
epigenomics_6328_map_398,10133.000570336684,187.85772582099105
epigenomics_6328_map_399,9702.24388274242,181.94884135102782
epigenomics_6328_map_400,9952.54055974273,182.9615076916721
epigenomics_6328_map_401,10081.38930009319,196.24856854703697
epigenomics_6328_map_402,10365.847573573541,193.01248737876756
epigenomics_6328_map_403,9827.161251583217,178.69899252393412
epigenomics_6328_map_404,9590.64062282278,185.36581984995365
epigenomics_6328_map_405,10284.048214199895,176.1636566282288
epigenomics_6328_map_406,10030.9295857511,195.25493297532864
epigenomics_6328_map_407,9834.33965170269,181.04057000424157
epigenomics_6328_map_408,9007.39332637709,185.78045270597067
epigenomics_6328_map_409,9822.457277484164,181.00337457923087
epigenomics_6328_map_410,10839.689062331816,178.3318163244778
epigenomics_6328_map_411,9924.84469417219,183.3755247983502
epigenomics_6328_map_412,9341.598173174762,194.56670053983436
epigenomics_6328_map_413,9427.568083751368,186.8475888126565
epigenomics_6328_map_414,9955.111512135572,184.08540237295634
epigenomics_6328_map_415,9833.142148488027,181.28354691987045
epigenomics_6328_map_416,10179.278378387145,180.24885234824436
epigenomics_6328_map_417,9695.209379784896,190.86795932737374
epigenomics_6328_map_418,9580.483983548256,182.9653127387882
epigenomics_6328_map_419,10597.48233856264,183.55614578505435
epigenomics_6328_map_420,10543.85797993288,187.7990034493675
epigenomics_6328_map_421,9179.170339825243,180.25128982040744
epigenomics_6328_map_422,10242.33297175838,186.3161499827802
epigenomics_6328_map_423,10590.300936218135,192.42674356345088
epigenomics_6328_map_424,10842.699690760017,190.824401498698
epigenomics_6328_map_425,9217.51892239632,184.20473224526347
epigenomics_6328_map_426,10556.89943430962,177.15266973332353
epigenomics_6328_map_427,9741.967294619943,180.41760701182838
epigenomics_6328_map_428,10320.568615725715,191.7355900871698
epigenomics_6328_map_429,9714.716445525684,189.56572395236074
epigenomics_6328_map_430,10763.956592870365,188.6582745136577
epigenomics_6328_map_431,9779.481989761953,179.428004726377
epigenomics_6328_map_432,10350.045357309302,192.17041439458566
epigenomics_6328_map_433,9937.247631376591,188.77943548537306
epigenomics_6328_map_434,9892.40291943281,172.87072482259185
epigenomics_6328_map_435,10260.074051991156,192.15397226523416
epigenomics_6328_map_436,10723.880406296139,180.0377141821906
epigenomics_6328_map_437,10900.380759781796,185.35769689192685
epigenomics_6328_map_438,10435.159044366994,185.62333049675945
epigenomics_6328_map_439,10092.733743542232,190.9089819083355
epigenomics_6328_map_440,10046.657051463088,187.12449997025104
epigenomics_6328_map_441,10902.225971292115,189.34253810379673
epigenomics_6328_map_442,10137.538996349775,180.84572237687536
epigenomics_6328_map_443,10382.3781616258,181.1668185764346
epigenomics_6328_map_444,9659.247037830908,192.6038127416509
epigenomics_6328_map_445,9863.955648094528,177.0431585065415
epigenomics_6328_map_446,9314.909280141266,185.68531292230313
epigenomics_6328_map_447,10124.540420344067,190.41579697824133
epigenomics_6328_map_448,10384.96504004731,187.16611899616126
epigenomics_6328_map_449,10147.414457689492,188.76770360947913
epigenomics_6328_map_450,10606.99066822765,190.69479316813133
epigenomics_6328_map_451,10653.453768919215,184.61722181635764
epigenomics_6328_map_452,10536.667621931,184.34367156332956
epigenomics_6328_map_453,9735.990039500168,187.96335433252315
epigenomics_6328_map_454,10844.683846157226,180.95532039722343
epigenomics_6328_map_455,10222.529875467666,182.22064667193928
epigenomics_6328_map_456,9610.82039110123,183.663463832498
epigenomics_6328_map_457,10519.43220931224,179.55321838703716
epigenomics_6328_map_458,10333.399746730702,189.13580193803307
epigenomics_6328_map_459,9519.449669348838,181.65075262236584
epigenomics_6328_map_460,10093.037230345288,194.20036020878885
epigenomics_6328_map_461,9682.175831359322,176.77407275618148
epigenomics_6328_map_462,8608.248100118879,185.60199294131
epigenomics_6328_map_463,10338.887784951246,187.1264630180819
epigenomics_6328_map_464,10111.184457330364,193.25550868834725
epigenomics_6328_map_465,10117.602309326141,185.8533570036826
epigenomics_6328_map_466,9496.347255108509,184.03745332692048
epigenomics_6328_map_467,10283.593150767636,189.50801816858265
epigenomics_6328_map_468,9712.592843746192,182.33459855270954
epigenomics_6328_map_469,9950.323458030962,183.17972509524074
epigenomics_6328_map_470,9881.58968788247,187.58741973748317
epigenomics_6328_map_471,9354.862969496633,191.94364692364434
epigenomics_6328_map_472,10659.273645837171,176.9321777327559
epigenomics_6328_map_473,9977.757891358393,181.14663648709995
epigenomics_6328_map_474,10070.931821655891,179.5448918142917
epigenomics_6328_map_475,9892.751338748556,189.69271215119628
epigenomics_6328_map_476,9409.352199411804,181.43841624077825
epigenomics_6328_map_477,9898.085620782216,185.44854855602892
epigenomics_6328_map_478,9928.224803446086,184.18050052942752
epigenomics_6328_map_479,9979.6815440638,183.92373377246827
epigenomics_6328_map_480,10732.849422129591,185.31681676106905
epigenomics_6328_map_481,10115.389945561405,194.2444617474693
epigenomics_6328_map_482,9889.665220320534,180.83610339375224
epigenomics_6328_map_483,10529.701074955698,182.92227411650555
epigenomics_6328_map_484,9878.541400409424,177.19086275461936
epigenomics_6328_map_485,9912.045087578257,190.46101691494437
epigenomics_6328_map_486,9681.079095381505,191.47466816261434
epigenomics_6328_map_487,9106.915030768503,189.3451004402508
epigenomics_6328_map_488,9640.754890106167,182.09221949112006
epigenomics_6328_map_489,9649.422241584154,182.14300719943628
epigenomics_6328_map_490,9548.1056792063,182.60680244688518
epigenomics_6328_map_491,10599.394430877313,183.53772243803417
epigenomics_6328_map_492,9736.478846330947,181.06450188056056
epigenomics_6328_map_493,9468.394291191224,178.42537133071664
epigenomics_6328_map_494,9410.421967294573,181.8829383882466
epigenomics_6328_map_495,10019.214890325928,185.0433170696443
epigenomics_6328_map_496,10665.634815214697,178.61502624376794
epigenomics_6328_map_497,10293.482376161493,180.3528736651399
epigenomics_6328_map_498,9052.08953571895,188.5098933728461
epigenomics_6328_map_499,11174.731596143636,180.53413074739947
epigenomics_6328_mapMerge1_0,118.27129056916212,127.40607750939243
epigenomics_6328_mapMerge1_1,131.51465995203566,127.37865659692743
epigenomics_6328_mapMerge2_0,114.89973030536396,127.72946005287066
epigenomics_6328_chr21_0,171.69319787375255,56.489463522817886
epigenomics_6328_pileup_0,210.80607717222395,102.27703045182548
