request,latency,mem
epigenomics_6859_entry_0,1.0,1.0
epigenomics_6859_fastqSplit_0,34.366737116051354,101.97407416052975
epigenomics_6859_fastqSplit_1,71.17498353280254,106.18892365505613
epigenomics_6859_filterContams_0,22.03833871292068,60.424961011993425
epigenomics_6859_filterContams_1,20.969029954545544,64.10026194534431
epigenomics_6859_filterContams_2,20.329562771652935,73.43028728782221
epigenomics_6859_filterContams_3,18.448514458726876,62.621804831540054
epigenomics_6859_filterContams_4,20.949222542025137,67.33160181835609
epigenomics_6859_filterContams_5,20.05981138660913,49.066907283423504
epigenomics_6859_filterContams_6,16.547016051920934,60.74279101520739
epigenomics_6859_filterContams_7,16.55989301808086,71.62896670277827
epigenomics_6859_filterContams_8,17.642182234187583,58.826588277070066
epigenomics_6859_filterContams_9,11.55247447500225,78.12197642128801
epigenomics_6859_filterContams_10,18.596124892677455,60.82019887377505
epigenomics_6859_filterContams_11,13.29405248363367,83.90138517802146
epigenomics_6859_filterContams_12,24.398128658271055,82.46794076445666
epigenomics_6859_filterContams_13,23.160661931560846,50.832735653724754
epigenomics_6859_filterContams_14,21.225553384975253,70.30896452956138
epigenomics_6859_filterContams_15,18.074949900190305,69.76324588127518
epigenomics_6859_filterContams_16,19.152728971273312,69.45403642280822
epigenomics_6859_filterContams_17,26.592501688999544,71.5155690261228
epigenomics_6859_filterContams_18,20.940375357306536,58.8853306028702
epigenomics_6859_filterContams_19,25.68043383245903,73.19428472441679
epigenomics_6859_filterContams_20,22.67153868775731,68.55561884105137
epigenomics_6859_filterContams_21,23.84164993524056,65.59749177146209
epigenomics_6859_filterContams_22,18.70432460802525,72.5606619681425
epigenomics_6859_filterContams_23,20.58878446937224,66.47569570742988
epigenomics_6859_filterContams_24,18.462057832274184,65.4653570253032
epigenomics_6859_filterContams_25,25.405028509716384,64.84924676549939
epigenomics_6859_filterContams_26,22.032016015936556,63.33629280233135
epigenomics_6859_filterContams_27,18.600879755240904,50.495519002345866
epigenomics_6859_filterContams_28,17.758647972577503,71.55478621434244
epigenomics_6859_filterContams_29,19.334725276091884,67.27081530899017
epigenomics_6859_filterContams_30,21.727047616785974,66.9600336987841
epigenomics_6859_filterContams_31,14.71534920212126,71.63472454172147
epigenomics_6859_filterContams_32,21.93945407936828,65.7449001637844
epigenomics_6859_filterContams_33,22.000254736492387,55.399731948043
epigenomics_6859_filterContams_34,20.570638528772353,60.4732883149645
epigenomics_6859_filterContams_35,18.700666683335278,66.3710383317533
epigenomics_6859_filterContams_36,22.883566757144465,70.13369784416457
epigenomics_6859_filterContams_37,21.070866513780352,67.90896759891471
epigenomics_6859_filterContams_38,17.572077284339798,69.09755721347634
epigenomics_6859_filterContams_39,15.931013325417759,74.90710046042544
epigenomics_6859_filterContams_40,19.465815863904314,61.558140017090885
epigenomics_6859_filterContams_41,26.23227974126894,79.52253100047834
epigenomics_6859_filterContams_42,18.26103937102458,57.74946484587607
epigenomics_6859_filterContams_43,18.773125933422254,73.01388349710393
epigenomics_6859_filterContams_44,22.177813751357903,65.99664276389137
epigenomics_6859_filterContams_45,17.523369702287937,66.80534678926267
epigenomics_6859_filterContams_46,18.075162635629408,76.55179866395808
epigenomics_6859_filterContams_47,17.55858174579528,58.561927773696326
epigenomics_6859_filterContams_48,24.443091225644643,58.71077023985847
epigenomics_6859_filterContams_49,18.39647622842979,51.88316323313173
epigenomics_6859_filterContams_50,20.288091694534486,59.734936674675524
epigenomics_6859_filterContams_51,23.236324961297655,64.47186262219455
epigenomics_6859_filterContams_52,20.522693932671462,67.99878625660351
epigenomics_6859_filterContams_53,21.77761038728259,70.1492222912366
epigenomics_6859_filterContams_54,22.277677685754416,77.80946814009857
epigenomics_6859_filterContams_55,17.47010075475561,75.59184246711763
epigenomics_6859_filterContams_56,24.223920834766027,61.7397447186239
epigenomics_6859_filterContams_57,18.55288973603329,65.27855586201143
epigenomics_6859_filterContams_58,21.19341693338757,69.88928458124394
epigenomics_6859_filterContams_59,20.813534823530624,57.028948220476714
epigenomics_6859_filterContams_60,20.461680646187304,52.087521819791206
epigenomics_6859_filterContams_61,26.209205320453922,59.422310865105516
epigenomics_6859_filterContams_62,17.238353140935715,56.73923561928857
epigenomics_6859_filterContams_63,15.384788310561516,51.376150436080934
epigenomics_6859_filterContams_64,18.436355340872083,63.21400497225525
epigenomics_6859_filterContams_65,21.27034502612934,65.38961106046716
epigenomics_6859_filterContams_66,25.013147728859895,48.59384484282599
epigenomics_6859_filterContams_67,19.92782949496127,63.05687466571295
epigenomics_6859_filterContams_68,18.156347958780508,72.28430742470478
epigenomics_6859_filterContams_69,13.734789404910785,59.42608133963128
epigenomics_6859_filterContams_70,19.402745073572838,64.12007732574239
epigenomics_6859_filterContams_71,17.357106413049117,57.63674068791446
epigenomics_6859_filterContams_72,21.735841014235916,48.773271431058255
epigenomics_6859_filterContams_73,18.72850921203331,73.76136872396451
epigenomics_6859_filterContams_74,18.446248395270874,63.96909539805992
epigenomics_6859_filterContams_75,20.96480321294926,50.59560140416051
epigenomics_6859_filterContams_76,16.336842609864554,53.369695863554455
epigenomics_6859_filterContams_77,22.1389771314962,68.58707465299838
epigenomics_6859_filterContams_78,21.961438495875125,67.15434238294496
epigenomics_6859_filterContams_79,12.999431900481841,52.629060143304514
epigenomics_6859_filterContams_80,24.58258053593257,71.243305694452
epigenomics_6859_filterContams_81,19.37475735535027,69.41761755301978
epigenomics_6859_filterContams_82,21.663049027637506,74.63022007582352
epigenomics_6859_filterContams_83,15.961059472683676,73.27662397216034
epigenomics_6859_filterContams_84,22.042751959317826,77.00915971889088
epigenomics_6859_filterContams_85,17.08432444511384,77.50759111775935
epigenomics_6859_filterContams_86,19.353984465490694,70.75989492245183
epigenomics_6859_filterContams_87,18.050334338775073,74.38789043329295
epigenomics_6859_filterContams_88,15.15453547294906,77.11415143211758
epigenomics_6859_filterContams_89,18.88784398814123,59.66554483775485
epigenomics_6859_filterContams_90,21.33471675158942,79.23131263993162
epigenomics_6859_filterContams_91,23.487881056793658,69.80759863749509
epigenomics_6859_filterContams_92,22.864827731643594,60.100199998630615
epigenomics_6859_filterContams_93,21.634596991801804,69.60989323304634
epigenomics_6859_filterContams_94,19.119042317403043,60.21903636201888
epigenomics_6859_filterContams_95,12.521896883176721,78.7147102442033
epigenomics_6859_filterContams_96,22.461039707522243,62.59416974165109
epigenomics_6859_filterContams_97,24.443738195590786,63.29144448196661
epigenomics_6859_filterContams_98,20.58384026361272,63.2316831329726
epigenomics_6859_filterContams_99,19.788952520221667,56.694874048563754
epigenomics_6859_filterContams_100,20.976553014401606,83.0408770272195
epigenomics_6859_filterContams_101,15.520937840767898,79.6848306975686
epigenomics_6859_filterContams_102,13.707361955586963,62.28855866562657
epigenomics_6859_filterContams_103,23.35293789809136,59.46506999094066
epigenomics_6859_filterContams_104,20.42249980442845,68.72322105941602
epigenomics_6859_filterContams_105,21.06453682819335,52.879192356720985
epigenomics_6859_filterContams_106,17.049335117810053,55.059833356773346
epigenomics_6859_filterContams_107,17.443360763954352,50.80902970847193
epigenomics_6859_filterContams_108,17.378566647511146,59.841416175762966
epigenomics_6859_filterContams_109,19.992717224736065,58.4767970093974
epigenomics_6859_filterContams_110,21.732196445146496,72.31592903023063
epigenomics_6859_filterContams_111,20.886583043878034,62.78001243901146
epigenomics_6859_filterContams_112,24.301340290141944,61.837902301095966
epigenomics_6859_filterContams_113,24.425230849910317,61.76068524247001
epigenomics_6859_filterContams_114,22.537170140667488,53.133942300982845
epigenomics_6859_filterContams_115,22.637406621631172,71.81724265075904
epigenomics_6859_filterContams_116,18.443069803255252,66.77402710294385
epigenomics_6859_filterContams_117,19.084442805049278,63.44494570421619
epigenomics_6859_filterContams_118,17.5623451887244,70.59240566800226
epigenomics_6859_filterContams_119,19.2755664364623,58.211359528566746
epigenomics_6859_filterContams_120,21.46938949445072,49.76781839468167
epigenomics_6859_filterContams_121,19.93260468513464,51.264691578155336
epigenomics_6859_filterContams_122,18.244118760944332,57.75251650499418
epigenomics_6859_filterContams_123,19.836076099859948,62.55653668297271
epigenomics_6859_filterContams_124,17.0553447329735,67.21737707749877
epigenomics_6859_filterContams_125,20.523019292854734,56.89090837248477
epigenomics_6859_filterContams_126,17.239583903406004,76.75999871194458
epigenomics_6859_filterContams_127,18.792121185334047,80.49857024622204
epigenomics_6859_filterContams_128,18.26985327724315,60.01904035907587
epigenomics_6859_filterContams_129,22.505799136879418,68.67055509412504
epigenomics_6859_filterContams_130,21.48008124559493,59.94881824915441
epigenomics_6859_filterContams_131,23.106425473879796,60.82538573098438
epigenomics_6859_filterContams_132,19.577869735273474,63.73875917932389
epigenomics_6859_filterContams_133,20.11440692806261,52.313170113467834
epigenomics_6859_filterContams_134,20.494252033040357,58.15998311523803
epigenomics_6859_filterContams_135,20.67038547362904,56.93655150023529
epigenomics_6859_filterContams_136,22.109188983305803,69.27437556218915
epigenomics_6859_filterContams_137,23.59885738587031,57.408451655750135
epigenomics_6859_filterContams_138,17.172782328263917,65.8380544622749
epigenomics_6859_filterContams_139,28.1042163736611,59.86289663319707
epigenomics_6859_filterContams_140,16.195080213041976,70.67508971608346
epigenomics_6859_filterContams_141,21.91649350728031,76.21879343596768
epigenomics_6859_filterContams_142,23.851016081919813,71.64643663312681
epigenomics_6859_filterContams_143,16.81211389811009,74.38948588919718
epigenomics_6859_filterContams_144,18.19434943780097,78.0642047240852
epigenomics_6859_filterContams_145,22.240998744401892,64.44764225440927
epigenomics_6859_filterContams_146,19.40937857736473,67.40812477090546
epigenomics_6859_filterContams_147,16.413144139249688,77.73767076896013
epigenomics_6859_filterContams_148,21.729684408346927,69.1006225515144
epigenomics_6859_filterContams_149,26.943516926567053,61.47065065922167
epigenomics_6859_filterContams_150,20.342874142890786,76.14327662763156
epigenomics_6859_filterContams_151,21.062456731872132,56.59411550912616
epigenomics_6859_filterContams_152,18.938862254206988,74.5748381215395
epigenomics_6859_filterContams_153,20.258679929630812,68.18657678546894
epigenomics_6859_filterContams_154,21.943203205463327,62.686923278493246
epigenomics_6859_filterContams_155,23.087880070441994,65.31780146805242
epigenomics_6859_filterContams_156,20.89821198299128,69.65920386690699
epigenomics_6859_filterContams_157,20.26983656106101,65.35219642615931
epigenomics_6859_filterContams_158,18.935035893795398,69.44073505307098
epigenomics_6859_filterContams_159,21.175932754728283,58.41138747087975
epigenomics_6859_filterContams_160,18.97136083775512,62.64101137585157
epigenomics_6859_filterContams_161,19.909305405699563,71.58579271970675
epigenomics_6859_filterContams_162,14.609878568791512,70.36322411926271
epigenomics_6859_filterContams_163,21.029242640950496,55.114123248310065
epigenomics_6859_filterContams_164,19.91173384420235,74.87301518763735
epigenomics_6859_filterContams_165,19.82816724521094,62.28620480514106
epigenomics_6859_filterContams_166,19.074138659074293,59.57317324977444
epigenomics_6859_filterContams_167,23.27372279827463,76.0769324811909
epigenomics_6859_filterContams_168,15.467432257428134,80.48618539288424
epigenomics_6859_filterContams_169,23.11413661701918,68.96247090632158
epigenomics_6859_filterContams_170,21.028767995273412,72.07408805171191
epigenomics_6859_filterContams_171,20.357581445728886,58.79271598352447
epigenomics_6859_filterContams_172,23.26883223144123,62.78731202542641
epigenomics_6859_filterContams_173,15.873018667467457,67.04461770308437
epigenomics_6859_filterContams_174,22.686659289386665,73.19652634911841
epigenomics_6859_filterContams_175,18.629488776604333,71.85600743338107
epigenomics_6859_filterContams_176,18.787878022221733,69.35914121849802
epigenomics_6859_filterContams_177,20.48312222157687,61.047536788124475
epigenomics_6859_filterContams_178,16.90010362700631,72.57736516254555
epigenomics_6859_filterContams_179,19.883942342055338,60.58930523672133
epigenomics_6859_filterContams_180,17.025285422552233,54.63521444039828
epigenomics_6859_filterContams_181,15.20722790240926,57.28838458886652
epigenomics_6859_filterContams_182,17.739612421891994,57.24990698846683
epigenomics_6859_filterContams_183,18.65330776845416,69.70715356990293
epigenomics_6859_filterContams_184,17.104998809627077,75.61586945139614
epigenomics_6859_filterContams_185,27.468944933070052,66.73420351764398
epigenomics_6859_filterContams_186,20.326168701962782,60.983024537119334
epigenomics_6859_filterContams_187,21.483000400062544,50.87596965128735
epigenomics_6859_filterContams_188,18.364921755744437,62.17517227645482
epigenomics_6859_filterContams_189,19.979747210021518,86.65142785254105
epigenomics_6859_filterContams_190,22.882841208784654,68.03885156540206
epigenomics_6859_filterContams_191,18.20406801457311,63.19175083768804
epigenomics_6859_filterContams_192,20.403646414210677,54.03338010455121
epigenomics_6859_filterContams_193,24.740864479451005,63.32612438298514
epigenomics_6859_filterContams_194,19.03970556382625,58.384553756525904
epigenomics_6859_filterContams_195,16.708038573253734,63.64442277147188
epigenomics_6859_filterContams_196,19.490411273590066,59.162857981173595
epigenomics_6859_filterContams_197,21.95721873769673,72.16804215894717
epigenomics_6859_filterContams_198,20.781212851917513,46.60825852862982
epigenomics_6859_filterContams_199,18.669501251962746,57.88477120107015
epigenomics_6859_filterContams_200,23.71045871653297,57.724658491060225
epigenomics_6859_filterContams_201,24.53444554189786,70.65571727270529
epigenomics_6859_filterContams_202,21.33739309826025,55.48323586765536
epigenomics_6859_filterContams_203,19.45915233192842,69.81808456905266
epigenomics_6859_filterContams_204,22.323296084156116,69.51880278434624
epigenomics_6859_filterContams_205,18.314903556961823,59.39316958903428
epigenomics_6859_filterContams_206,16.722854724420948,57.26024934629751
epigenomics_6859_filterContams_207,19.958094027103506,55.58490982564429
epigenomics_6859_filterContams_208,24.42988538611563,53.08089392945755
epigenomics_6859_filterContams_209,14.108589912753457,71.67085483454727
epigenomics_6859_filterContams_210,18.56102079878953,64.97529709042406
epigenomics_6859_filterContams_211,20.362251178449316,60.82063641166238
epigenomics_6859_filterContams_212,19.863948538411154,69.25785940693521
epigenomics_6859_filterContams_213,17.688905404645695,61.47281380676946
epigenomics_6859_filterContams_214,16.21866944999873,55.35829867919523
epigenomics_6859_filterContams_215,21.45133310765281,76.90668733624184
epigenomics_6859_filterContams_216,17.584790602904178,61.93721229021048
epigenomics_6859_filterContams_217,14.553592926343912,68.85672307071856
epigenomics_6859_filterContams_218,22.283998057066484,61.65771249011384
epigenomics_6859_filterContams_219,18.769107212326432,72.4237836266376
epigenomics_6859_filterContams_220,17.50165632595442,73.0174043050006
epigenomics_6859_filterContams_221,19.700691332815882,59.6004601536743
epigenomics_6859_filterContams_222,20.419727242257416,61.62930929711364
epigenomics_6859_filterContams_223,22.98651768590129,73.325367446167
epigenomics_6859_filterContams_224,18.964285351485255,59.76588993665894
epigenomics_6859_filterContams_225,22.140263896364722,69.87689902425669
epigenomics_6859_filterContams_226,20.89808320438946,61.85846812877527
epigenomics_6859_filterContams_227,18.27334789200889,68.82710305549917
epigenomics_6859_filterContams_228,25.481840916953832,55.75372423420842
epigenomics_6859_filterContams_229,23.046161987980668,77.04245381002896
epigenomics_6859_filterContams_230,20.69533375921335,61.81472024209869
epigenomics_6859_filterContams_231,24.000584178594398,71.75823290690732
epigenomics_6859_filterContams_232,18.662963358088554,62.82545612652146
epigenomics_6859_filterContams_233,18.60267278973018,49.15272727030005
epigenomics_6859_filterContams_234,14.99871549348604,70.10994268165979
epigenomics_6859_filterContams_235,21.46331819908342,48.18273740569923
epigenomics_6859_filterContams_236,16.64793016781453,56.67806082011547
epigenomics_6859_filterContams_237,18.647191618533874,74.08748154869382
epigenomics_6859_filterContams_238,21.047793663415057,56.3406505424631
epigenomics_6859_filterContams_239,19.68176868140981,55.70721603302941
epigenomics_6859_filterContams_240,20.330285618448936,55.74211034316437
epigenomics_6859_filterContams_241,19.022314860888706,74.40901233876261
epigenomics_6859_filterContams_242,24.641387659772853,65.31283485758695
epigenomics_6859_filterContams_243,23.31084458738549,64.38919461750405
epigenomics_6859_filterContams_244,19.204207639563442,66.10993689340167
epigenomics_6859_filterContams_245,21.209614856825358,49.07481181000339
epigenomics_6859_filterContams_246,17.70933960353605,62.72939770152797
epigenomics_6859_filterContams_247,19.69890204970119,65.36068104135254
epigenomics_6859_filterContams_248,20.498646401770902,70.18778172164906
epigenomics_6859_filterContams_249,20.289544442898556,65.11707459568443
epigenomics_6859_filterContams_250,21.577192138195382,63.67021651698689
epigenomics_6859_filterContams_251,21.67299419751493,69.8048724733767
epigenomics_6859_filterContams_252,23.616440577702768,51.69158529561803
epigenomics_6859_filterContams_253,21.83060627815828,64.36326493669927
epigenomics_6859_filterContams_254,20.984390456993246,49.04862105193507
epigenomics_6859_filterContams_255,19.39381275621357,61.22558292599961
epigenomics_6859_filterContams_256,23.690066175621627,63.649702084413434
epigenomics_6859_filterContams_257,25.921316711871874,57.877439863149824
epigenomics_6859_filterContams_258,18.509480896418395,63.85689953707167
epigenomics_6859_filterContams_259,22.960638930457186,56.9020257999417
epigenomics_6859_filterContams_260,17.9092292846029,74.26656766348165
epigenomics_6859_filterContams_261,15.081892435705269,73.2686502675165
epigenomics_6859_filterContams_262,17.05568479642828,56.366412635355104
epigenomics_6859_filterContams_263,18.140689150359965,65.11892087622596
epigenomics_6859_filterContams_264,16.601315363456628,55.46892796950202
epigenomics_6859_filterContams_265,22.312551825787867,61.932833532502265
epigenomics_6859_filterContams_266,22.43969203287269,71.16970949941826
epigenomics_6859_filterContams_267,16.595126263161674,67.61781803343574
epigenomics_6859_filterContams_268,19.677078396353483,69.64491630383151
epigenomics_6859_filterContams_269,19.99228454567907,63.37941787747424
epigenomics_6859_filterContams_270,19.138171185248556,72.22449327588198
epigenomics_6859_filterContams_271,17.40332453219125,56.08890003881527
epigenomics_6859_filterContams_272,18.723371141958523,63.02266980340771
epigenomics_6859_filterContams_273,23.393537447714095,60.222315138682816
epigenomics_6859_filterContams_274,19.260622426025638,77.6187580768262
epigenomics_6859_filterContams_275,20.360935664735283,54.412477575841265
epigenomics_6859_filterContams_276,17.9433362255134,69.19553184747974
epigenomics_6859_filterContams_277,19.054945284180715,65.39966980269317
epigenomics_6859_filterContams_278,18.080910505083125,60.73598536840001
epigenomics_6859_filterContams_279,20.630936475762688,72.43961205782497
epigenomics_6859_filterContams_280,19.564513247384518,68.20991917064943
epigenomics_6859_filterContams_281,21.68098875895852,63.11919701375377
epigenomics_6859_filterContams_282,22.518274267004244,66.08551537609733
epigenomics_6859_filterContams_283,19.762881232005128,74.57612459766813
epigenomics_6859_filterContams_284,17.78171001694491,49.76157788654332
epigenomics_6859_filterContams_285,18.555456932128145,70.92081778834113
epigenomics_6859_filterContams_286,17.937916340629076,65.54401901009108
epigenomics_6859_filterContams_287,17.751283535471188,62.82868623957523
epigenomics_6859_filterContams_288,21.17017006370561,74.1451562576496
epigenomics_6859_filterContams_289,17.402763067903976,61.16598961966542
epigenomics_6859_filterContams_290,17.880606518391247,68.23762503595538
epigenomics_6859_filterContams_291,19.425684340569056,65.33342400021077
epigenomics_6859_filterContams_292,29.145929094588954,58.27226287875894
epigenomics_6859_filterContams_293,23.92153789501956,52.018002269417046
epigenomics_6859_filterContams_294,19.845611673276064,72.08407923615418
epigenomics_6859_filterContams_295,19.87177676335152,69.3495896450086
epigenomics_6859_filterContams_296,24.32139396318871,59.456974743782276
epigenomics_6859_filterContams_297,18.29056851392985,64.5917129077777
epigenomics_6859_filterContams_298,21.86846061867567,77.02254653228448
epigenomics_6859_filterContams_299,23.045396313453008,60.98527592756017
epigenomics_6859_filterContams_300,19.92252903516002,69.66197408396062
epigenomics_6859_filterContams_301,19.722061576810503,52.08972218989962
epigenomics_6859_filterContams_302,21.83751950689411,60.49367597710697
epigenomics_6859_filterContams_303,23.02150747384149,58.94591246052543
epigenomics_6859_filterContams_304,21.277077453371458,68.1376733032689
epigenomics_6859_filterContams_305,18.778546949181557,73.79053872490292
epigenomics_6859_filterContams_306,17.027304622112673,58.75076713662302
epigenomics_6859_filterContams_307,19.748222552023385,60.61945569279649
epigenomics_6859_filterContams_308,19.39651665460503,61.404524944790964
epigenomics_6859_filterContams_309,17.77631414198334,74.77486834717253
epigenomics_6859_filterContams_310,18.836799792478676,67.9157851715669
epigenomics_6859_filterContams_311,24.659247712190215,53.85623223215849
epigenomics_6859_filterContams_312,16.620771340393517,70.12930810688222
epigenomics_6859_filterContams_313,24.90561456310249,50.70243577155412
epigenomics_6859_filterContams_314,22.22748895533218,61.63362341430871
epigenomics_6859_filterContams_315,25.014697240861405,61.80944081028259
epigenomics_6859_filterContams_316,13.378401096099262,67.65384585452382
epigenomics_6859_filterContams_317,18.33136110526394,60.37117847939322
epigenomics_6859_filterContams_318,23.389111835190448,57.11567837433952
epigenomics_6859_filterContams_319,18.486834249136116,68.22862204791288
epigenomics_6859_filterContams_320,18.726829736997903,69.97639700176542
epigenomics_6859_filterContams_321,19.64546756246596,70.46634175851806
epigenomics_6859_filterContams_322,19.060016064364333,58.55098133534231
epigenomics_6859_filterContams_323,18.383765805714994,64.81302959909962
epigenomics_6859_filterContams_324,18.033413569143523,50.33299442327636
epigenomics_6859_filterContams_325,20.71245899568701,69.99584794309176
epigenomics_6859_filterContams_326,19.216070244834622,68.14439570632393
epigenomics_6859_filterContams_327,15.757436632473254,53.532714772430886
epigenomics_6859_filterContams_328,21.44714639133923,74.58858064700888
epigenomics_6859_filterContams_329,22.37722197234093,57.61157847664425
epigenomics_6859_filterContams_330,17.97247219332097,58.432758147777506
epigenomics_6859_filterContams_331,16.973120088022323,74.48653195646258
epigenomics_6859_filterContams_332,15.020867544425293,69.96985772183633
epigenomics_6859_filterContams_333,19.533554891944334,58.33254583060714
epigenomics_6859_filterContams_334,23.599918536847017,67.64754342079004
epigenomics_6859_filterContams_335,19.994531075956576,62.07397929285295
epigenomics_6859_filterContams_336,16.63669814867381,64.76554777918585
epigenomics_6859_filterContams_337,17.69241880256249,65.67919609553641
epigenomics_6859_filterContams_338,15.930321900421397,60.68582772119922
epigenomics_6859_filterContams_339,20.80219904886603,71.69346122381015
epigenomics_6859_filterContams_340,14.570844971800195,63.722264360941374
epigenomics_6859_filterContams_341,20.285626095077657,54.26297701650686
epigenomics_6859_filterContams_342,21.23730652150465,66.84654666696493
epigenomics_6859_filterContams_343,21.87754831108166,59.05101526242779
epigenomics_6859_filterContams_344,27.060266454614876,74.43239078584023
epigenomics_6859_filterContams_345,24.27967537346634,58.055349443053714
epigenomics_6859_filterContams_346,18.441923055330026,70.03808431138033
epigenomics_6859_filterContams_347,20.606091331626203,67.81742526268376
epigenomics_6859_filterContams_348,21.469106491882993,64.09191167313305
epigenomics_6859_filterContams_349,19.79295971732194,57.220309281701645
epigenomics_6859_filterContams_350,21.559181973298443,69.92608222222069
epigenomics_6859_filterContams_351,25.21489912735457,63.525960916557786
epigenomics_6859_filterContams_352,18.2699917761583,54.05679286223328
epigenomics_6859_filterContams_353,20.64923001171275,70.8120982267367
epigenomics_6859_filterContams_354,22.22142294642512,66.24250061299604
epigenomics_6859_filterContams_355,16.34628110859357,45.384125956649285
epigenomics_6859_filterContams_356,20.549143504758494,72.10989397475292
epigenomics_6859_filterContams_357,20.32787832187949,71.41394347391044
epigenomics_6859_filterContams_358,24.114549649516377,53.60435101353457
epigenomics_6859_filterContams_359,19.3988715703858,61.47828682923145
epigenomics_6859_filterContams_360,15.682096143162012,59.80912354342672
epigenomics_6859_filterContams_361,25.662735323273655,59.23296300105942
epigenomics_6859_filterContams_362,24.89874279827629,64.3335794440716
epigenomics_6859_filterContams_363,18.51142951505748,53.38988234626187
epigenomics_6859_filterContams_364,23.408315772428747,60.08426298776878
epigenomics_6859_filterContams_365,22.2511483721843,70.29876638690335
epigenomics_6859_filterContams_366,20.14918180876831,63.20039570992327
epigenomics_6859_filterContams_367,20.256865869077963,62.29242612029038
epigenomics_6859_filterContams_368,23.909510229121366,65.23085294196589
epigenomics_6859_filterContams_369,22.637574537913792,63.839940417632356
epigenomics_6859_filterContams_370,24.33426900796956,48.99667342249874
epigenomics_6859_filterContams_371,18.702868153314565,58.702453582813064
epigenomics_6859_filterContams_372,17.971373142144955,59.9284675679157
epigenomics_6859_filterContams_373,20.30424660277496,53.51119690236018
epigenomics_6859_filterContams_374,23.922509254440694,75.37140207065113
epigenomics_6859_filterContams_375,16.23197710427761,61.44134842175514
epigenomics_6859_filterContams_376,25.85331012885775,75.16334306016726
epigenomics_6859_filterContams_377,24.894504422009994,58.208003515162034
epigenomics_6859_filterContams_378,20.24598215963184,70.30279384703188
epigenomics_6859_filterContams_379,19.291001678444122,78.82706146184626
epigenomics_6859_filterContams_380,20.041104430598406,81.4166419021014
epigenomics_6859_filterContams_381,24.039001710865158,65.8194433289047
epigenomics_6859_filterContams_382,23.59040581307238,52.07070701074768
epigenomics_6859_filterContams_383,23.052245094753292,53.36092462806017
epigenomics_6859_filterContams_384,21.12899812196383,59.44898829689049
epigenomics_6859_filterContams_385,20.403557941886053,68.73731093869195
epigenomics_6859_filterContams_386,19.584327386086798,52.926832311226356
epigenomics_6859_filterContams_387,23.108923709914386,59.66278386492624
epigenomics_6859_filterContams_388,25.653710865756523,59.58713805469715
epigenomics_6859_filterContams_389,21.281561318963853,64.1486103928203
epigenomics_6859_filterContams_390,17.215226048573257,56.75194705748813
epigenomics_6859_filterContams_391,23.867160573655017,60.78511176189646
epigenomics_6859_filterContams_392,18.26205019681292,64.54412802556337
epigenomics_6859_filterContams_393,24.64252848867393,50.343114070487786
epigenomics_6859_filterContams_394,21.561899523663495,65.13598376181217
epigenomics_6859_filterContams_395,22.031017477343394,67.6079130543204
epigenomics_6859_filterContams_396,18.29079063200437,67.00132986704787
epigenomics_6859_filterContams_397,20.22073491681467,69.09079489510691
epigenomics_6859_filterContams_398,17.376426708828447,69.64368898503173
epigenomics_6859_filterContams_399,17.217624901997638,59.21486773492157
epigenomics_6859_filterContams_400,18.27420811834761,65.00794035379619
epigenomics_6859_filterContams_401,21.14008840676996,59.34132319483948
epigenomics_6859_filterContams_402,21.781021826532992,65.33283999007789
epigenomics_6859_filterContams_403,14.262518280937318,65.95488037381494
epigenomics_6859_filterContams_404,20.200200179114184,64.78357358952174
epigenomics_6859_filterContams_405,13.638997316635049,51.199238307757334
epigenomics_6859_filterContams_406,21.359231624227554,40.50023496776602
epigenomics_6859_filterContams_407,17.744013942582917,64.57796456280603
epigenomics_6859_filterContams_408,23.072953906554346,61.34113003442585
epigenomics_6859_filterContams_409,20.419462335514783,64.78323184408696
epigenomics_6859_filterContams_410,23.026602135024486,81.80439481315983
epigenomics_6859_filterContams_411,17.267382883584453,61.1379050545047
epigenomics_6859_filterContams_412,24.12729567120713,84.04090579372269
epigenomics_6859_filterContams_413,21.204394176704987,62.51380940380584
epigenomics_6859_filterContams_414,20.48782632701339,79.92494660187384
epigenomics_6859_filterContams_415,18.943336647222296,72.2588283469138
epigenomics_6859_filterContams_416,16.71575073149866,58.32612373118053
epigenomics_6859_filterContams_417,20.32267313656973,67.69476320298338
epigenomics_6859_filterContams_418,21.562286706230456,53.79759212987037
epigenomics_6859_filterContams_419,18.23148999036051,46.91632863077646
epigenomics_6859_filterContams_420,16.58522228379017,69.14283224693814
epigenomics_6859_filterContams_421,20.355506933122086,67.0420084014559
epigenomics_6859_filterContams_422,21.4540349151161,71.9742822577973
epigenomics_6859_filterContams_423,19.600256351108833,74.85778701976278
epigenomics_6859_filterContams_424,20.247263623100793,74.83867670052865
epigenomics_6859_filterContams_425,21.596825145215327,61.560848349269335
epigenomics_6859_filterContams_426,23.746486959221635,59.8494206644432
epigenomics_6859_filterContams_427,22.045577997749298,42.027335318701674
epigenomics_6859_filterContams_428,19.365719893760524,77.58741052048154
epigenomics_6859_filterContams_429,20.330938111980895,66.52556575627358
epigenomics_6859_filterContams_430,25.00300968290903,73.77951539300433
epigenomics_6859_filterContams_431,21.952795738655905,68.39447117726372
epigenomics_6859_filterContams_432,23.343638076896884,59.95316821068165
epigenomics_6859_filterContams_433,15.694424898704622,64.23537562796325
epigenomics_6859_filterContams_434,19.65495013424722,68.1956333032936
epigenomics_6859_filterContams_435,22.358315426810854,62.66416451282211
epigenomics_6859_filterContams_436,18.333045557820935,57.03782941854514
epigenomics_6859_filterContams_437,22.453231877687628,59.8903462623871
epigenomics_6859_filterContams_438,15.167435537839218,62.66040200940816
epigenomics_6859_filterContams_439,19.920933067907598,70.74290127029553
epigenomics_6859_filterContams_440,14.743678726289584,63.53133562906975
epigenomics_6859_filterContams_441,19.532197805717992,75.97371266027048
epigenomics_6859_filterContams_442,16.632714471399805,64.41011524368406
epigenomics_6859_filterContams_443,16.73196833843444,58.38840652857411
epigenomics_6859_filterContams_444,18.494494918682378,57.298277251755856
epigenomics_6859_filterContams_445,16.044747330469683,75.92432912374066
epigenomics_6859_filterContams_446,16.485609697869958,76.51548989730668
epigenomics_6859_filterContams_447,19.151952459779967,63.528935164242256
epigenomics_6859_filterContams_448,19.18478703205122,66.30287110291445
epigenomics_6859_filterContams_449,18.147497818072978,58.468161467929406
epigenomics_6859_filterContams_450,19.73947102273408,71.53803984359818
epigenomics_6859_filterContams_451,21.88258445100278,72.75286306235876
epigenomics_6859_filterContams_452,23.800409611058793,69.84787891601509
epigenomics_6859_filterContams_453,18.755518595946597,58.90082845612431
epigenomics_6859_filterContams_454,20.04799078410468,73.1988046507877
epigenomics_6859_filterContams_455,21.840128624177744,72.59595345769176
epigenomics_6859_filterContams_456,17.32388333344755,73.32129906369904
epigenomics_6859_filterContams_457,17.048947463755944,71.61298343626545
epigenomics_6859_filterContams_458,19.87198793417746,71.30988852420266
epigenomics_6859_filterContams_459,22.021267675688083,75.05101391256115
epigenomics_6859_filterContams_460,20.654440090818593,52.87769756259685
epigenomics_6859_filterContams_461,24.0055793937282,70.03831620665851
epigenomics_6859_filterContams_462,22.52309724599713,69.3212018882178
epigenomics_6859_filterContams_463,18.952207954677114,64.20877206944657
epigenomics_6859_filterContams_464,17.358442647950547,66.12444019605327
epigenomics_6859_filterContams_465,16.24383195943259,76.60192676318003
epigenomics_6859_filterContams_466,20.7789620779068,60.20333209658633
epigenomics_6859_filterContams_467,22.969889773938775,68.6233012071335
epigenomics_6859_filterContams_468,16.674628992351185,71.71224984569778
epigenomics_6859_filterContams_469,18.182439750191673,89.43322495589493
epigenomics_6859_filterContams_470,21.35009236023163,69.71013155770505
epigenomics_6859_filterContams_471,19.111952154280882,63.580659425419896
epigenomics_6859_filterContams_472,21.893760042036405,68.91191774827361
epigenomics_6859_filterContams_473,18.542950013131613,73.0282543374044
epigenomics_6859_filterContams_474,14.910737038411192,55.226193088049016
epigenomics_6859_filterContams_475,20.201514098398146,56.10694638014688
epigenomics_6859_filterContams_476,19.900449166208382,64.24368295219294
epigenomics_6859_filterContams_477,24.609482266776702,61.25254069100397
epigenomics_6859_filterContams_478,24.32451320233541,49.61865824545433
epigenomics_6859_filterContams_479,13.887589012587354,67.87738823288888
epigenomics_6859_filterContams_480,20.184570588149356,72.57814757129914
epigenomics_6859_filterContams_481,23.670356332254972,67.7446580454292
epigenomics_6859_filterContams_482,19.646849731013457,61.6034946898981
epigenomics_6859_filterContams_483,19.00054843411752,66.06658062488637
epigenomics_6859_filterContams_484,18.905234095772293,56.53087592834324
epigenomics_6859_filterContams_485,17.54376506234638,60.791693243579324
epigenomics_6859_filterContams_486,23.348676390629237,65.7859767055156
epigenomics_6859_filterContams_487,24.537840703481564,58.03067580110069
epigenomics_6859_filterContams_488,16.082009317717045,78.07582208600594
epigenomics_6859_filterContams_489,26.471811625594032,73.1363185546832
epigenomics_6859_filterContams_490,20.237305764717764,67.22333151072544
epigenomics_6859_filterContams_491,19.606002474169728,59.56908863406189
epigenomics_6859_filterContams_492,20.99631689653726,70.09160042874122
epigenomics_6859_filterContams_493,22.586500044912245,62.99558156641966
epigenomics_6859_filterContams_494,18.98142716361727,94.36332132901065
epigenomics_6859_filterContams_495,18.13388470023319,58.3579422657571
epigenomics_6859_filterContams_496,24.046450902123823,66.61376560974811
epigenomics_6859_filterContams_497,26.534339175482366,58.70994686323363
epigenomics_6859_filterContams_498,17.696037897113563,56.85199797924733
epigenomics_6859_filterContams_499,22.548069527162728,57.73811557299464
epigenomics_6859_sol2sanger_0,71.1877871142944,55.89601249600576
epigenomics_6859_sol2sanger_1,80.39309117738667,40.24678190369871
epigenomics_6859_sol2sanger_2,72.39636330301747,36.68429885078902
epigenomics_6859_sol2sanger_3,82.21873827319688,26.064772506324996
epigenomics_6859_sol2sanger_4,77.8149558292933,36.516927114096866
epigenomics_6859_sol2sanger_5,83.1213665091009,50.890303535767785
epigenomics_6859_sol2sanger_6,79.02539528966064,46.91519393098381
epigenomics_6859_sol2sanger_7,69.2254735542294,43.93857072230967
epigenomics_6859_sol2sanger_8,83.00729921385492,43.53443650465346
epigenomics_6859_sol2sanger_9,75.0619142996897,45.35621739169862
epigenomics_6859_sol2sanger_10,77.33801972876664,36.170785903929215
epigenomics_6859_sol2sanger_11,71.37340846138994,48.277252992045206
epigenomics_6859_sol2sanger_12,87.25930177110986,52.412772537794616
epigenomics_6859_sol2sanger_13,76.67280251355636,50.84577909995169
epigenomics_6859_sol2sanger_14,73.04063762781476,35.13551531164238
epigenomics_6859_sol2sanger_15,80.98515268736669,33.165842987718804
epigenomics_6859_sol2sanger_16,69.13347975128305,59.215010389741195
epigenomics_6859_sol2sanger_17,73.23046296706293,31.639187809073377
epigenomics_6859_sol2sanger_18,84.45794599305151,53.91657775841321
epigenomics_6859_sol2sanger_19,71.93506385921158,63.96730769299319
epigenomics_6859_sol2sanger_20,84.49780264246724,34.88927867895533
epigenomics_6859_sol2sanger_21,77.44440744593804,44.40191821186168
epigenomics_6859_sol2sanger_22,81.50554148005115,48.02152156157901
epigenomics_6859_sol2sanger_23,72.85907810701984,41.36005037005869
epigenomics_6859_sol2sanger_24,82.36606593729208,28.90427002347483
epigenomics_6859_sol2sanger_25,78.01176497661213,43.75217802359601
epigenomics_6859_sol2sanger_26,82.12158579536714,41.08408220288445
epigenomics_6859_sol2sanger_27,77.1275405622389,53.49285432757982
epigenomics_6859_sol2sanger_28,87.31604744235179,40.962487491859704
epigenomics_6859_sol2sanger_29,82.4228823431969,33.413449263404345
epigenomics_6859_sol2sanger_30,81.64350342976478,26.636785988546986
epigenomics_6859_sol2sanger_31,74.18229137012497,45.686181062918756
epigenomics_6859_sol2sanger_32,85.99362916648326,41.57621238641208
epigenomics_6859_sol2sanger_33,79.0560371575581,40.27174337082785
epigenomics_6859_sol2sanger_34,84.58411877091261,36.68168793038888
epigenomics_6859_sol2sanger_35,77.86438820327211,44.541724482018154
epigenomics_6859_sol2sanger_36,78.17306939214261,48.699103749429135
epigenomics_6859_sol2sanger_37,79.9066046056829,40.71649197619341
epigenomics_6859_sol2sanger_38,77.02425334221387,50.204105555266956
epigenomics_6859_sol2sanger_39,83.04168323882294,45.746510703398265
epigenomics_6859_sol2sanger_40,73.33190551988326,64.76925053146931
epigenomics_6859_sol2sanger_41,74.8519829086695,35.925625465852605
epigenomics_6859_sol2sanger_42,78.43152029066115,49.956417400225554
epigenomics_6859_sol2sanger_43,82.76231649816357,40.39178145355272
epigenomics_6859_sol2sanger_44,68.04870002642583,39.5521591863938
epigenomics_6859_sol2sanger_45,79.29751802787337,48.039856958422526
epigenomics_6859_sol2sanger_46,77.61674605351645,35.17636089457537
epigenomics_6859_sol2sanger_47,80.73294750889626,42.256080306225535
epigenomics_6859_sol2sanger_48,90.60877112704755,35.06150141357604
epigenomics_6859_sol2sanger_49,84.45268785446505,41.683839885378745
epigenomics_6859_sol2sanger_50,79.04718181718162,55.368900549299994
epigenomics_6859_sol2sanger_51,72.25436648834649,49.84070095556965
epigenomics_6859_sol2sanger_52,82.90907947150964,53.38773127794057
epigenomics_6859_sol2sanger_53,87.89431963592133,46.289452148112346
epigenomics_6859_sol2sanger_54,81.48921439101798,36.75314891931533
epigenomics_6859_sol2sanger_55,77.26897099222387,45.03183100043133
epigenomics_6859_sol2sanger_56,79.94044232880475,37.5429347200876
epigenomics_6859_sol2sanger_57,77.98902073180892,32.10215327900899
epigenomics_6859_sol2sanger_58,82.969811044809,39.82637444595709
epigenomics_6859_sol2sanger_59,78.02560332718438,55.752094819166054
epigenomics_6859_sol2sanger_60,84.61109475579423,52.86442126913998
epigenomics_6859_sol2sanger_61,77.94038860000067,40.24291828760278
epigenomics_6859_sol2sanger_62,66.90066330054135,51.47085735254849
epigenomics_6859_sol2sanger_63,83.45669354428206,46.013575632496156
epigenomics_6859_sol2sanger_64,80.16987597741316,44.53204396910404
epigenomics_6859_sol2sanger_65,86.42888293499507,42.55020613499309
epigenomics_6859_sol2sanger_66,87.47740730806439,40.473668300762235
epigenomics_6859_sol2sanger_67,85.35542106132243,45.77921193823144
epigenomics_6859_sol2sanger_68,78.89332749439038,47.59393251785214
epigenomics_6859_sol2sanger_69,87.78985091256928,61.52826286843691
epigenomics_6859_sol2sanger_70,89.89515257369236,54.01809013335288
epigenomics_6859_sol2sanger_71,79.95727787585582,52.54348132087124
epigenomics_6859_sol2sanger_72,82.35603566058097,40.62532513248312
epigenomics_6859_sol2sanger_73,88.0601499210277,39.034886518240505
epigenomics_6859_sol2sanger_74,77.66280147187555,50.06983636500946
epigenomics_6859_sol2sanger_75,82.78935074885499,43.13342939248327
epigenomics_6859_sol2sanger_76,83.4476849956532,34.05606463810494
epigenomics_6859_sol2sanger_77,82.00567788029554,48.67999944339345
epigenomics_6859_sol2sanger_78,89.14534539196617,54.489919725873136
epigenomics_6859_sol2sanger_79,81.31183194778349,52.12159376046944
epigenomics_6859_sol2sanger_80,79.12131717846015,51.34575855125497
epigenomics_6859_sol2sanger_81,77.51463130966812,45.58461743109397
epigenomics_6859_sol2sanger_82,79.34980888153746,44.706329234059545
epigenomics_6859_sol2sanger_83,69.02910360587117,35.12716689027605
epigenomics_6859_sol2sanger_84,76.55380830883817,53.09480824412742
epigenomics_6859_sol2sanger_85,76.58700560853057,40.14252961145846
epigenomics_6859_sol2sanger_86,78.20466092410082,35.88636662163552
epigenomics_6859_sol2sanger_87,76.02426864914096,34.82929069135941
epigenomics_6859_sol2sanger_88,79.92230411995607,50.27290183121987
epigenomics_6859_sol2sanger_89,74.4286569226834,41.0346668406102
epigenomics_6859_sol2sanger_90,75.42292391014152,36.98670283252043
epigenomics_6859_sol2sanger_91,86.01786587771349,55.72718471099089
epigenomics_6859_sol2sanger_92,82.00157929733409,45.17645198748133
epigenomics_6859_sol2sanger_93,89.59074025427455,65.44961100474416
epigenomics_6859_sol2sanger_94,74.15160961119653,40.98179617699383
epigenomics_6859_sol2sanger_95,87.68402676076639,52.36392005067633
epigenomics_6859_sol2sanger_96,78.8932996094316,40.20747371600427
epigenomics_6859_sol2sanger_97,75.10421357676691,44.47650641242395
epigenomics_6859_sol2sanger_98,80.72099456200559,46.589688754240164
epigenomics_6859_sol2sanger_99,75.53068738876992,37.55747655399608
epigenomics_6859_sol2sanger_100,79.54151284791097,43.93411379773344
epigenomics_6859_sol2sanger_101,75.73134681320907,44.316980777834935
epigenomics_6859_sol2sanger_102,83.75137565089447,44.15224030777665
epigenomics_6859_sol2sanger_103,82.7971361088347,51.10561445228821
epigenomics_6859_sol2sanger_104,69.07242505157252,28.632668578091156
epigenomics_6859_sol2sanger_105,75.2675988873894,49.224245293473395
epigenomics_6859_sol2sanger_106,83.06426743262182,50.33533980386687
epigenomics_6859_sol2sanger_107,74.93504398720466,47.301195689198714
epigenomics_6859_sol2sanger_108,78.14442814581493,61.0406317421114
epigenomics_6859_sol2sanger_109,79.37177182205083,48.55886191678637
epigenomics_6859_sol2sanger_110,90.55873294820228,36.84700150283925
epigenomics_6859_sol2sanger_111,74.00812713584693,24.561976119290836
epigenomics_6859_sol2sanger_112,69.41228570230874,39.914937161319685
epigenomics_6859_sol2sanger_113,82.60643570585742,49.18145224631536
epigenomics_6859_sol2sanger_114,86.04313990873314,43.48890730691777
epigenomics_6859_sol2sanger_115,87.1275470855793,45.844950192661734
epigenomics_6859_sol2sanger_116,75.67240284177343,39.82386945380148
epigenomics_6859_sol2sanger_117,90.72924887657832,49.954430797743974
epigenomics_6859_sol2sanger_118,81.7229457223917,45.07226144453166
epigenomics_6859_sol2sanger_119,87.77497892270942,50.638875835157585
epigenomics_6859_sol2sanger_120,75.430311266336,55.14300099710343
epigenomics_6859_sol2sanger_121,76.9736422021224,52.55658171594282
epigenomics_6859_sol2sanger_122,71.59428119179566,44.1900014873256
epigenomics_6859_sol2sanger_123,90.72230840776382,37.66092080230447
epigenomics_6859_sol2sanger_124,75.87490779675977,37.36103598745901
epigenomics_6859_sol2sanger_125,81.87229348204401,49.622596089043284
epigenomics_6859_sol2sanger_126,73.28487550344866,41.73885692816739
epigenomics_6859_sol2sanger_127,73.11089823341291,37.19712739655822
epigenomics_6859_sol2sanger_128,82.70531688239484,51.57520126699103
epigenomics_6859_sol2sanger_129,68.54445832087436,41.13890324856548
epigenomics_6859_sol2sanger_130,77.10455907586694,28.933165660371095
epigenomics_6859_sol2sanger_131,69.9628324637577,35.433217935639036
epigenomics_6859_sol2sanger_132,83.8166852091683,42.96381282617021
epigenomics_6859_sol2sanger_133,85.31818753021297,43.98370366065668
epigenomics_6859_sol2sanger_134,79.82462684071872,36.75983841541928
epigenomics_6859_sol2sanger_135,81.55242834411855,39.95263789239673
epigenomics_6859_sol2sanger_136,73.45073943308813,43.96645354496599
epigenomics_6859_sol2sanger_137,80.38879347321779,56.67452125090026
epigenomics_6859_sol2sanger_138,76.82011385712178,40.90649989475028
epigenomics_6859_sol2sanger_139,83.13956709291917,59.759172051444025
epigenomics_6859_sol2sanger_140,80.5750892964808,52.16165780682006
epigenomics_6859_sol2sanger_141,81.39504146814774,47.77330264457136
epigenomics_6859_sol2sanger_142,73.19442460324868,47.357457869948114
epigenomics_6859_sol2sanger_143,74.17605823206966,37.662361473941964
epigenomics_6859_sol2sanger_144,76.00343683332278,49.909786046207714
epigenomics_6859_sol2sanger_145,91.83374461451204,49.844001311949825
epigenomics_6859_sol2sanger_146,83.81144758400495,46.07195955125195
epigenomics_6859_sol2sanger_147,82.95528515272375,42.92118751012086
epigenomics_6859_sol2sanger_148,84.21591797895623,51.46050345078191
epigenomics_6859_sol2sanger_149,76.41739088948842,44.41018221283557
epigenomics_6859_sol2sanger_150,80.03991762204552,44.70810383715616
epigenomics_6859_sol2sanger_151,81.46499193349952,42.55093032776061
epigenomics_6859_sol2sanger_152,84.21659344353904,57.4406676404411
epigenomics_6859_sol2sanger_153,87.0661352953256,37.57370997576221
epigenomics_6859_sol2sanger_154,89.37001958963972,51.76616495275334
epigenomics_6859_sol2sanger_155,82.84256042001661,44.10947692746962
epigenomics_6859_sol2sanger_156,71.39273886766813,41.96620475460239
epigenomics_6859_sol2sanger_157,80.42395610824286,37.17551243042364
epigenomics_6859_sol2sanger_158,76.92106088403241,49.39093614502533
epigenomics_6859_sol2sanger_159,69.74920734922975,46.97366129937823
epigenomics_6859_sol2sanger_160,83.39776265964791,31.68348981344445
epigenomics_6859_sol2sanger_161,71.2727814473966,46.37202165809842
epigenomics_6859_sol2sanger_162,80.55929941195771,48.85245926800592
epigenomics_6859_sol2sanger_163,78.89423180105518,53.908474296238346
epigenomics_6859_sol2sanger_164,80.52353266611902,41.19161524126097
epigenomics_6859_sol2sanger_165,75.40852818808648,45.88591843319466
epigenomics_6859_sol2sanger_166,76.09062395810619,50.74192137707592
epigenomics_6859_sol2sanger_167,79.38978422746085,45.523773235895696
epigenomics_6859_sol2sanger_168,79.96994029659751,40.428553544268084
epigenomics_6859_sol2sanger_169,87.83649736434164,38.97297538075627
epigenomics_6859_sol2sanger_170,90.66658918271058,41.43885507687541
epigenomics_6859_sol2sanger_171,86.79636869519763,49.66317502090155
epigenomics_6859_sol2sanger_172,83.59713474594976,46.323662039611975
epigenomics_6859_sol2sanger_173,77.27513571039012,44.173409906310035
epigenomics_6859_sol2sanger_174,84.83094638756907,55.12187948622003
epigenomics_6859_sol2sanger_175,82.36922319999255,47.375520730517984
epigenomics_6859_sol2sanger_176,80.27615488556573,29.450930921709876
epigenomics_6859_sol2sanger_177,86.83611031655175,31.442771171143924
epigenomics_6859_sol2sanger_178,82.75450950707094,42.97191940050195
epigenomics_6859_sol2sanger_179,76.64408022671792,57.35988242015593
epigenomics_6859_sol2sanger_180,91.9898202864298,55.73920765241634
epigenomics_6859_sol2sanger_181,78.62498033216819,54.89735721657574
epigenomics_6859_sol2sanger_182,76.22830285959216,42.211745400976774
epigenomics_6859_sol2sanger_183,75.76729199341673,42.443502632424405
epigenomics_6859_sol2sanger_184,85.1946876832109,57.931467596946376
epigenomics_6859_sol2sanger_185,73.8554265405821,38.83596093743058
epigenomics_6859_sol2sanger_186,83.52280514722827,55.37046291652984
epigenomics_6859_sol2sanger_187,81.96991535507794,42.62561262263191
epigenomics_6859_sol2sanger_188,82.45284174992578,56.21646811830349
epigenomics_6859_sol2sanger_189,78.7418307366871,48.01006662232267
epigenomics_6859_sol2sanger_190,78.12334527626005,45.98509006702903
epigenomics_6859_sol2sanger_191,81.47068919577762,31.05803372954531
epigenomics_6859_sol2sanger_192,71.03431621629281,27.75224513440734
epigenomics_6859_sol2sanger_193,78.30952697192855,38.217129320390946
epigenomics_6859_sol2sanger_194,80.07777072567175,41.065382576196804
epigenomics_6859_sol2sanger_195,77.47091950860481,56.417449571123534
epigenomics_6859_sol2sanger_196,87.72843826090738,50.76712018429397
epigenomics_6859_sol2sanger_197,81.67244299630352,57.471280808679545
epigenomics_6859_sol2sanger_198,80.04498259700728,57.050039472415676
epigenomics_6859_sol2sanger_199,86.27134720649133,48.317465352720646
epigenomics_6859_sol2sanger_200,83.11205416554894,37.75106099487007
epigenomics_6859_sol2sanger_201,87.32363702378636,55.21946354909717
epigenomics_6859_sol2sanger_202,82.78028479157675,45.0257146480542
epigenomics_6859_sol2sanger_203,86.71343039314327,45.292500685971596
epigenomics_6859_sol2sanger_204,79.46057425064633,47.47224020803201
epigenomics_6859_sol2sanger_205,83.326385699828,48.53864715589684
epigenomics_6859_sol2sanger_206,78.28269385030987,44.39010323893448
epigenomics_6859_sol2sanger_207,83.80436960092321,39.865245813399845
epigenomics_6859_sol2sanger_208,77.41351067453762,55.32818442156858
epigenomics_6859_sol2sanger_209,75.70526711078735,33.04549668446223
epigenomics_6859_sol2sanger_210,85.15222961434833,61.47949737425232
epigenomics_6859_sol2sanger_211,83.38752417658364,51.45755114353289
epigenomics_6859_sol2sanger_212,76.8532820861779,39.16169256181256
epigenomics_6859_sol2sanger_213,78.47947677468719,41.714366523812856
epigenomics_6859_sol2sanger_214,78.9018030383893,38.99857460782444
epigenomics_6859_sol2sanger_215,80.12984122387168,50.03911476069085
epigenomics_6859_sol2sanger_216,80.2393117240635,50.21176009866078
epigenomics_6859_sol2sanger_217,85.88051521065893,36.31322925871493
epigenomics_6859_sol2sanger_218,79.52161430607568,45.81264239007552
epigenomics_6859_sol2sanger_219,86.43928083200196,44.976544368730934
epigenomics_6859_sol2sanger_220,89.28495337031019,40.969048373540765
epigenomics_6859_sol2sanger_221,83.0091471893209,55.24720280679189
epigenomics_6859_sol2sanger_222,73.30590457775484,39.976417334145204
epigenomics_6859_sol2sanger_223,76.35793028198286,49.09303789052115
epigenomics_6859_sol2sanger_224,73.95080591390176,39.47853969123917
epigenomics_6859_sol2sanger_225,78.09217536493944,58.35950466758778
epigenomics_6859_sol2sanger_226,71.80162307630219,41.99875129768752
epigenomics_6859_sol2sanger_227,75.82055523753294,48.13762890185493
epigenomics_6859_sol2sanger_228,78.37270454096654,60.25526740537082
epigenomics_6859_sol2sanger_229,77.25267365571123,50.25238261729203
epigenomics_6859_sol2sanger_230,85.61971590013309,46.57308572599596
epigenomics_6859_sol2sanger_231,81.22636464642903,46.89653102515166
epigenomics_6859_sol2sanger_232,81.10273242446449,56.75047057070741
epigenomics_6859_sol2sanger_233,81.79588007083662,37.038822532334095
epigenomics_6859_sol2sanger_234,81.82533410717144,46.23148751275061
epigenomics_6859_sol2sanger_235,82.23474049112959,33.354399384284896
epigenomics_6859_sol2sanger_236,88.0323581678667,43.166155510306154
epigenomics_6859_sol2sanger_237,85.51598467144997,45.515620044767864
epigenomics_6859_sol2sanger_238,73.2223479781472,49.49750067918709
epigenomics_6859_sol2sanger_239,86.81576872350037,51.29968553451676
epigenomics_6859_sol2sanger_240,87.46933970816639,36.347244945341565
epigenomics_6859_sol2sanger_241,72.89886680140035,45.56466722070115
epigenomics_6859_sol2sanger_242,88.05249821687413,49.54932452870305
epigenomics_6859_sol2sanger_243,77.27264157656701,46.22657575525408
epigenomics_6859_sol2sanger_244,83.96995120899909,42.90691489767981
epigenomics_6859_sol2sanger_245,80.26457036473465,56.16736487797978
epigenomics_6859_sol2sanger_246,84.92990245914467,41.78128740723254
epigenomics_6859_sol2sanger_247,80.8326548610227,48.03496417394194
epigenomics_6859_sol2sanger_248,75.9140669076671,48.16186699509095
epigenomics_6859_sol2sanger_249,77.23527899620655,40.6656046276468
epigenomics_6859_sol2sanger_250,79.72541596546617,51.36671338097423
epigenomics_6859_sol2sanger_251,85.56502680830533,29.54263630807573
epigenomics_6859_sol2sanger_252,78.80007322923163,46.938283339997774
epigenomics_6859_sol2sanger_253,90.35214406981872,42.682684921822506
epigenomics_6859_sol2sanger_254,86.4621313949051,43.44464800491572
epigenomics_6859_sol2sanger_255,85.10400077825335,59.55145728498001
epigenomics_6859_sol2sanger_256,80.45079700010552,45.64326793401198
epigenomics_6859_sol2sanger_257,82.03633568516841,41.92044180114099
epigenomics_6859_sol2sanger_258,81.64919829259566,47.562705097425216
epigenomics_6859_sol2sanger_259,71.93712639914939,36.3041568385759
epigenomics_6859_sol2sanger_260,81.4494134075171,50.91823389251398
epigenomics_6859_sol2sanger_261,86.45512357182274,43.70006675138271
epigenomics_6859_sol2sanger_262,66.35244722852968,46.71987663502121
epigenomics_6859_sol2sanger_263,82.25995977438379,39.91918968069078
epigenomics_6859_sol2sanger_264,84.7509083082575,45.24903693832572
epigenomics_6859_sol2sanger_265,83.68713769198907,46.73406285877866
epigenomics_6859_sol2sanger_266,76.64803399277449,47.36119681858058
epigenomics_6859_sol2sanger_267,74.3072839363133,51.279110448932144
epigenomics_6859_sol2sanger_268,83.9935467151119,37.5678445718924
epigenomics_6859_sol2sanger_269,84.12186829842065,42.19322071957265
epigenomics_6859_sol2sanger_270,76.85349989280023,45.89799691186463
epigenomics_6859_sol2sanger_271,83.14959059385563,62.77099843810583
epigenomics_6859_sol2sanger_272,85.34070405116958,43.28171377338813
epigenomics_6859_sol2sanger_273,74.88831253399303,42.698759604413056
epigenomics_6859_sol2sanger_274,82.38248588214147,51.27837300947233
epigenomics_6859_sol2sanger_275,80.44824330540293,53.27643311881648
epigenomics_6859_sol2sanger_276,80.45220367403628,46.77697640114246
epigenomics_6859_sol2sanger_277,80.38259678201605,30.895980793722167
epigenomics_6859_sol2sanger_278,75.3744107011093,34.96737834704191
epigenomics_6859_sol2sanger_279,81.40365873763788,35.04592845982095
epigenomics_6859_sol2sanger_280,80.55167064311534,47.968655229652576
epigenomics_6859_sol2sanger_281,77.0681950742085,43.13164808336965
epigenomics_6859_sol2sanger_282,74.52722635133604,49.46663091624074
epigenomics_6859_sol2sanger_283,80.53966738290198,41.5590681617628
epigenomics_6859_sol2sanger_284,74.9520950224162,37.10224948209579
epigenomics_6859_sol2sanger_285,86.59450317490304,44.25540380456769
epigenomics_6859_sol2sanger_286,77.30013680413128,58.29206941076819
epigenomics_6859_sol2sanger_287,73.64469358411942,44.56638521778228
epigenomics_6859_sol2sanger_288,76.94738998218487,56.49528726069317
epigenomics_6859_sol2sanger_289,75.34468828773305,40.14356646491866
epigenomics_6859_sol2sanger_290,72.78257564086942,53.39215314271408
epigenomics_6859_sol2sanger_291,86.01426228613829,52.49993964090331
epigenomics_6859_sol2sanger_292,81.61263063370598,49.59282476257168
epigenomics_6859_sol2sanger_293,69.11746090330463,43.43944174657688
epigenomics_6859_sol2sanger_294,79.75903141028552,48.875667143998186
epigenomics_6859_sol2sanger_295,90.69062126930771,45.39706460750523
epigenomics_6859_sol2sanger_296,89.02066088696552,50.395266547335254
epigenomics_6859_sol2sanger_297,89.42699133733007,32.769442035811004
epigenomics_6859_sol2sanger_298,82.20230404106951,51.78999208748503
epigenomics_6859_sol2sanger_299,87.91057260319492,51.698834451260836
epigenomics_6859_sol2sanger_300,69.36380853625323,50.20005316844685
epigenomics_6859_sol2sanger_301,76.7259125055065,46.71774195520013
epigenomics_6859_sol2sanger_302,84.06796046198465,46.629865395557054
epigenomics_6859_sol2sanger_303,76.87826665789513,25.67518935037114
epigenomics_6859_sol2sanger_304,71.73022613461752,51.2143624024054
epigenomics_6859_sol2sanger_305,79.39019817696452,46.39706153827479
epigenomics_6859_sol2sanger_306,80.60878394697923,48.06161008762083
epigenomics_6859_sol2sanger_307,84.6523713324934,54.80540887582045
epigenomics_6859_sol2sanger_308,83.97999461180756,47.45555077847242
epigenomics_6859_sol2sanger_309,82.88208154241005,46.52853737008578
epigenomics_6859_sol2sanger_310,80.57784416987836,57.4456777447839
epigenomics_6859_sol2sanger_311,83.66396366161003,44.122397708563504
epigenomics_6859_sol2sanger_312,80.76217036105552,42.885927527109075
epigenomics_6859_sol2sanger_313,84.87086868562685,36.5571676610501
epigenomics_6859_sol2sanger_314,70.85460170015003,38.40290329834269
epigenomics_6859_sol2sanger_315,77.89159556168259,55.89861115878186
epigenomics_6859_sol2sanger_316,80.78172498140931,46.99689435444597
epigenomics_6859_sol2sanger_317,74.71264413422406,61.484566228631785
epigenomics_6859_sol2sanger_318,81.55180771611577,49.29849557592209
epigenomics_6859_sol2sanger_319,85.53463949810038,57.21740365396132
epigenomics_6859_sol2sanger_320,77.22731619552961,49.45984172566866
epigenomics_6859_sol2sanger_321,83.5041009714047,36.974883103572296
epigenomics_6859_sol2sanger_322,74.31454458263855,46.85466635636486
epigenomics_6859_sol2sanger_323,77.10921223143548,45.21167973695412
epigenomics_6859_sol2sanger_324,87.19173243509103,64.61332305234635
epigenomics_6859_sol2sanger_325,81.02624168507458,37.0585020983657
epigenomics_6859_sol2sanger_326,75.46790599050472,34.85732343022918
epigenomics_6859_sol2sanger_327,78.06937104749734,49.95422934199761
epigenomics_6859_sol2sanger_328,81.60223213058427,28.77856883319221
epigenomics_6859_sol2sanger_329,87.7291452230417,47.048523336446095
epigenomics_6859_sol2sanger_330,82.75131152295036,43.25106155376342
epigenomics_6859_sol2sanger_331,81.63709093207453,44.7795268958865
epigenomics_6859_sol2sanger_332,88.7172846733045,44.69371008798449
epigenomics_6859_sol2sanger_333,77.04241193290729,65.91373220083793
epigenomics_6859_sol2sanger_334,76.98122610272357,40.91173115396246
epigenomics_6859_sol2sanger_335,71.72136988574437,44.68418506618227
epigenomics_6859_sol2sanger_336,82.62414948250515,46.79019223424469
epigenomics_6859_sol2sanger_337,79.6372274725533,56.41476786498046
epigenomics_6859_sol2sanger_338,72.09536764805334,39.69101138406349
epigenomics_6859_sol2sanger_339,88.36017948336163,39.020194518243486
epigenomics_6859_sol2sanger_340,86.64738354647479,45.896161266911506
epigenomics_6859_sol2sanger_341,85.55870403961671,68.19551782843652
epigenomics_6859_sol2sanger_342,79.62302545047811,29.34928803685678
epigenomics_6859_sol2sanger_343,73.10436638574379,40.27249444298943
epigenomics_6859_sol2sanger_344,90.67682288310195,50.678917409760224
epigenomics_6859_sol2sanger_345,76.23736733176284,61.08162667129647
epigenomics_6859_sol2sanger_346,81.39940510866568,45.99265356649406
epigenomics_6859_sol2sanger_347,85.40337133091353,35.41260545742159
epigenomics_6859_sol2sanger_348,77.77280073219328,40.97750180224148
epigenomics_6859_sol2sanger_349,91.08088636962502,43.75548362801823
epigenomics_6859_sol2sanger_350,81.55314820001153,43.20956019067097
epigenomics_6859_sol2sanger_351,79.64487815904633,45.508322809296814
epigenomics_6859_sol2sanger_352,82.9269035938101,46.125817417022795
epigenomics_6859_sol2sanger_353,76.91396555748454,40.56930350066516
epigenomics_6859_sol2sanger_354,64.67939307174049,31.852864357997625
epigenomics_6859_sol2sanger_355,70.30372348505522,42.23226346712913
epigenomics_6859_sol2sanger_356,84.07940553350662,50.22164698977309
epigenomics_6859_sol2sanger_357,80.10585394184716,41.197022031501824
epigenomics_6859_sol2sanger_358,73.69752122256794,40.60753185380452
epigenomics_6859_sol2sanger_359,76.05880800389602,41.12492117180279
epigenomics_6859_sol2sanger_360,74.50731982630782,28.722112879696816
epigenomics_6859_sol2sanger_361,75.15326250971609,41.80451212769277
epigenomics_6859_sol2sanger_362,82.1168343748532,45.85542727845416
epigenomics_6859_sol2sanger_363,81.38959416010438,46.28294886315431
epigenomics_6859_sol2sanger_364,76.14166799853655,48.66613943181631
epigenomics_6859_sol2sanger_365,82.04913588919506,53.10579313517269
epigenomics_6859_sol2sanger_366,73.95243800267353,39.79954540343644
epigenomics_6859_sol2sanger_367,79.86467732255788,69.15334484960516
epigenomics_6859_sol2sanger_368,74.39063884549722,28.755723724229426
epigenomics_6859_sol2sanger_369,80.4214671444706,40.50210117265953
epigenomics_6859_sol2sanger_370,80.41178913652534,56.38425922464387
epigenomics_6859_sol2sanger_371,79.15619429546446,40.365746346655115
epigenomics_6859_sol2sanger_372,81.53436094979598,59.832801424552606
epigenomics_6859_sol2sanger_373,85.37057347987728,55.71852402114473
epigenomics_6859_sol2sanger_374,81.2351061705618,43.741636496573626
epigenomics_6859_sol2sanger_375,82.29632771234279,37.78291958676819
epigenomics_6859_sol2sanger_376,74.17524104710772,41.41053950526053
epigenomics_6859_sol2sanger_377,64.19973081609304,38.475768408144404
epigenomics_6859_sol2sanger_378,81.77203436223843,44.718306230620726
epigenomics_6859_sol2sanger_379,81.52094752923355,58.73144913330534
epigenomics_6859_sol2sanger_380,80.44931309935772,32.43556140385819
epigenomics_6859_sol2sanger_381,75.96523097792557,38.96921064873575
epigenomics_6859_sol2sanger_382,78.79835923763011,36.193017351620696
epigenomics_6859_sol2sanger_383,82.3341728469243,42.16937537820698
epigenomics_6859_sol2sanger_384,86.27696546902504,35.82746495604864
epigenomics_6859_sol2sanger_385,86.92977739032169,34.27771092133488
epigenomics_6859_sol2sanger_386,77.61675064721419,48.56793364905631
epigenomics_6859_sol2sanger_387,89.23483297026799,43.331660220753406
epigenomics_6859_sol2sanger_388,75.95473829132632,45.8988247817688
epigenomics_6859_sol2sanger_389,81.6725073853911,36.25470245862723
epigenomics_6859_sol2sanger_390,77.72313160282725,46.7960191442814
epigenomics_6859_sol2sanger_391,83.4420549361836,47.91414465517731
epigenomics_6859_sol2sanger_392,88.37040972504886,38.960211516071816
epigenomics_6859_sol2sanger_393,83.52262440346789,35.22245302761351
epigenomics_6859_sol2sanger_394,82.09567305402469,33.427750280317255
epigenomics_6859_sol2sanger_395,86.63806563792824,27.75682437876709
epigenomics_6859_sol2sanger_396,75.16610871635787,47.03065373033557
epigenomics_6859_sol2sanger_397,76.42637337156563,37.39510598601811
epigenomics_6859_sol2sanger_398,69.14243789659169,42.36748950477618
epigenomics_6859_sol2sanger_399,82.9748188058822,39.44213267905097
epigenomics_6859_sol2sanger_400,77.99721268097633,35.90685117780278
epigenomics_6859_sol2sanger_401,80.05866081711058,51.55879458428039
epigenomics_6859_sol2sanger_402,79.22123312548196,52.572624671578865
epigenomics_6859_sol2sanger_403,73.59848932267305,34.106588488818716
epigenomics_6859_sol2sanger_404,79.72537586415481,46.52613513033341
epigenomics_6859_sol2sanger_405,79.9724734695553,40.769253221461334
epigenomics_6859_sol2sanger_406,78.99028245646039,43.08100175206224
epigenomics_6859_sol2sanger_407,84.38748873995623,54.565397599873656
epigenomics_6859_sol2sanger_408,76.53974166000633,39.55257883586903
epigenomics_6859_sol2sanger_409,73.9879476560816,33.007607513206274
epigenomics_6859_sol2sanger_410,82.27549729065356,52.57890707833473
epigenomics_6859_sol2sanger_411,77.56978574699306,40.23619641502573
epigenomics_6859_sol2sanger_412,74.73718724680957,45.853028780722646
epigenomics_6859_sol2sanger_413,73.46821823344683,55.304291477617646
epigenomics_6859_sol2sanger_414,85.05892440188707,64.84578933778666
epigenomics_6859_sol2sanger_415,79.30127419653412,39.905292942769776
epigenomics_6859_sol2sanger_416,82.39035803893562,44.76602685535409
epigenomics_6859_sol2sanger_417,79.30202638091276,41.40556514830688
epigenomics_6859_sol2sanger_418,76.57951385096855,41.237718217670206
epigenomics_6859_sol2sanger_419,85.05621485920176,50.0670960685578
epigenomics_6859_sol2sanger_420,77.31966733789743,27.081260667792026
epigenomics_6859_sol2sanger_421,78.55796663001365,42.8985527184322
epigenomics_6859_sol2sanger_422,83.79041220457769,56.54334458116992
epigenomics_6859_sol2sanger_423,80.73137448728792,48.72946557888795
epigenomics_6859_sol2sanger_424,75.43267301834636,58.519965577782024
epigenomics_6859_sol2sanger_425,80.74970887831957,41.343659533416535
epigenomics_6859_sol2sanger_426,75.730276964523,52.64129640800468
epigenomics_6859_sol2sanger_427,82.65927047434127,39.49973094145006
epigenomics_6859_sol2sanger_428,85.68654001399192,46.31962897471262
epigenomics_6859_sol2sanger_429,80.68051312732965,39.77236223287122
epigenomics_6859_sol2sanger_430,77.67022236434798,55.90606539413899
epigenomics_6859_sol2sanger_431,81.36786896068857,53.6160644682008
epigenomics_6859_sol2sanger_432,73.08535290172652,58.36735393510591
epigenomics_6859_sol2sanger_433,71.91784831911274,46.30730612153659
epigenomics_6859_sol2sanger_434,84.88521577230895,38.72173475353678
epigenomics_6859_sol2sanger_435,81.78285591593432,46.64251433094321
epigenomics_6859_sol2sanger_436,76.02790510447899,47.4234102999917
epigenomics_6859_sol2sanger_437,76.74938709454395,30.17775637923174
epigenomics_6859_sol2sanger_438,82.80906324996215,50.00053568250025
epigenomics_6859_sol2sanger_439,78.57408181936984,57.463546471265474
epigenomics_6859_sol2sanger_440,76.25876674992172,31.346215899792924
epigenomics_6859_sol2sanger_441,70.25688715487811,41.92340130859043
epigenomics_6859_sol2sanger_442,88.19532643568942,68.37775025736957
epigenomics_6859_sol2sanger_443,84.2219853185512,46.15016264401134
epigenomics_6859_sol2sanger_444,77.30190382771751,65.13530985175794
epigenomics_6859_sol2sanger_445,83.81339379241109,53.10193170785208
epigenomics_6859_sol2sanger_446,78.03739192021163,37.770812663112046
epigenomics_6859_sol2sanger_447,79.87311660506677,45.10015346102434
epigenomics_6859_sol2sanger_448,74.2483979795675,46.81800896550946
epigenomics_6859_sol2sanger_449,84.22244497024117,31.621918747061084
epigenomics_6859_sol2sanger_450,78.1214536631657,40.72990695887709
epigenomics_6859_sol2sanger_451,78.3488567273071,47.46817522401222
epigenomics_6859_sol2sanger_452,83.09526292763424,41.0980289670359
epigenomics_6859_sol2sanger_453,81.3638290135725,38.28928103262315
epigenomics_6859_sol2sanger_454,88.10608914670394,50.72758720691252
epigenomics_6859_sol2sanger_455,85.85300870277203,45.05722744675593
epigenomics_6859_sol2sanger_456,77.71878158574464,40.002360736684146
epigenomics_6859_sol2sanger_457,78.02924264324784,40.511692256812914
epigenomics_6859_sol2sanger_458,73.57457396302058,42.131465998196425
epigenomics_6859_sol2sanger_459,89.43527373221758,33.46404724408667
epigenomics_6859_sol2sanger_460,79.18641739072767,49.93288886048896
epigenomics_6859_sol2sanger_461,69.59611530175759,43.5493692326906
epigenomics_6859_sol2sanger_462,83.0195590883446,38.0647769130623
epigenomics_6859_sol2sanger_463,86.79184610186704,54.798984543236635
epigenomics_6859_sol2sanger_464,84.95980125214983,37.832898528824614
epigenomics_6859_sol2sanger_465,78.66379734336046,43.128124998102194
epigenomics_6859_sol2sanger_466,65.09197686397901,50.70620346123334
epigenomics_6859_sol2sanger_467,84.04472889452502,41.79297142012368
epigenomics_6859_sol2sanger_468,81.21052086070829,39.69726602902366
epigenomics_6859_sol2sanger_469,77.19838991153489,53.37932128073501
epigenomics_6859_sol2sanger_470,74.79840362733789,55.52645315708266
epigenomics_6859_sol2sanger_471,74.39934879053838,40.29609253339472
epigenomics_6859_sol2sanger_472,74.48877234104705,39.136668827743215
epigenomics_6859_sol2sanger_473,83.01694885825025,58.63773555669874
epigenomics_6859_sol2sanger_474,81.56412961538244,46.58809316780469
epigenomics_6859_sol2sanger_475,75.53957391277794,48.2091668498756
epigenomics_6859_sol2sanger_476,84.47210456237825,49.18521379944937
epigenomics_6859_sol2sanger_477,73.36191237263832,43.25506710737969
epigenomics_6859_sol2sanger_478,86.00053761324365,52.73609414481548
epigenomics_6859_sol2sanger_479,85.55819012361745,34.224005383772564
epigenomics_6859_sol2sanger_480,79.97298790481184,32.397872976982256
epigenomics_6859_sol2sanger_481,71.30349777784198,50.388640811166255
epigenomics_6859_sol2sanger_482,82.40531958584275,38.98895623463889
epigenomics_6859_sol2sanger_483,81.76195733085757,45.06857623021259
epigenomics_6859_sol2sanger_484,71.12243578545866,42.363192971114614
epigenomics_6859_sol2sanger_485,73.21492677477283,32.878216375328115
epigenomics_6859_sol2sanger_486,77.91681536415139,34.69285546350405
epigenomics_6859_sol2sanger_487,80.28050692445323,39.069965508605655
epigenomics_6859_sol2sanger_488,80.87064350548165,38.92843663724146
epigenomics_6859_sol2sanger_489,80.73460091625286,28.73057906228353
epigenomics_6859_sol2sanger_490,85.7865627825137,45.962662666987995
epigenomics_6859_sol2sanger_491,75.41541308197144,54.16365233951007
epigenomics_6859_sol2sanger_492,74.34539454678273,28.782852851937268
epigenomics_6859_sol2sanger_493,83.59857668213726,43.20297048352018
epigenomics_6859_sol2sanger_494,86.21584906143052,35.589149493647696
epigenomics_6859_sol2sanger_495,78.53819812014187,45.15489044186473
epigenomics_6859_sol2sanger_496,69.38864202437956,54.26901919951298
epigenomics_6859_sol2sanger_497,86.00555981117996,35.88287765623947
epigenomics_6859_sol2sanger_498,75.50055264484803,49.2320844016731
epigenomics_6859_sol2sanger_499,84.08240298310507,54.697987194603854
epigenomics_6859_fast2bfq_0,44.47848758510255,68.98995635494938
epigenomics_6859_fast2bfq_1,49.06782532465091,84.05714461130613
epigenomics_6859_fast2bfq_2,47.50874116065657,71.9468366747368
epigenomics_6859_fast2bfq_3,47.56462907662124,86.48551516640994
epigenomics_6859_fast2bfq_4,41.23887136599498,86.9698954990502
epigenomics_6859_fast2bfq_5,36.4186475097212,78.78510229909463
epigenomics_6859_fast2bfq_6,30.822368069467984,81.51647070034845
epigenomics_6859_fast2bfq_7,54.5693196586693,80.12447036301477
epigenomics_6859_fast2bfq_8,51.85311435119197,72.77534869107474
epigenomics_6859_fast2bfq_9,41.558649934418305,76.11722700011572
epigenomics_6859_fast2bfq_10,58.535152103422384,84.01862760883253
epigenomics_6859_fast2bfq_11,49.51381155620585,77.10841442196708
epigenomics_6859_fast2bfq_12,52.78544051634479,90.35953768399999
epigenomics_6859_fast2bfq_13,37.263096404410554,85.08376088094846
epigenomics_6859_fast2bfq_14,47.85702389483454,74.15397049700603
epigenomics_6859_fast2bfq_15,33.45288383890857,81.17778657808759
epigenomics_6859_fast2bfq_16,42.55733830404047,73.52657814287139
epigenomics_6859_fast2bfq_17,45.30947624341787,81.06778926406764
epigenomics_6859_fast2bfq_18,49.33360430564183,77.37166208844828
epigenomics_6859_fast2bfq_19,33.22679326947334,90.78065801922098
epigenomics_6859_fast2bfq_20,34.7169244064497,78.33304268447333
epigenomics_6859_fast2bfq_21,52.39312424624621,70.96516435053698
epigenomics_6859_fast2bfq_22,46.30105909870687,82.63172616085308
epigenomics_6859_fast2bfq_23,55.009352198224384,87.36317130881582
epigenomics_6859_fast2bfq_24,43.67644574809835,88.71906769629864
epigenomics_6859_fast2bfq_25,57.550819128334766,81.77711312547464
epigenomics_6859_fast2bfq_26,51.837051416829134,73.47992367144882
epigenomics_6859_fast2bfq_27,41.27725936133836,78.18485938676125
epigenomics_6859_fast2bfq_28,39.28094103516106,80.17642863221366
epigenomics_6859_fast2bfq_29,46.31964760898396,82.72469889833
epigenomics_6859_fast2bfq_30,48.01033684155508,81.68915324645994
epigenomics_6859_fast2bfq_31,39.210759242016884,60.666469597285584
epigenomics_6859_fast2bfq_32,49.79025979987483,85.6142031535101
epigenomics_6859_fast2bfq_33,38.31712152490017,68.63002017668276
epigenomics_6859_fast2bfq_34,50.04035346253208,79.30359226564597
epigenomics_6859_fast2bfq_35,40.99988126612334,84.1500666600451
epigenomics_6859_fast2bfq_36,42.02259984318819,69.05237296189011
epigenomics_6859_fast2bfq_37,45.26944311156746,80.80467133758252
epigenomics_6859_fast2bfq_38,48.45458489019758,79.78916047437383
epigenomics_6859_fast2bfq_39,32.71490927102695,83.21331795344979
epigenomics_6859_fast2bfq_40,59.370457092388655,83.16766477896451
epigenomics_6859_fast2bfq_41,51.49726318749948,86.97376115199503
epigenomics_6859_fast2bfq_42,42.946205369144074,92.1024632113506
epigenomics_6859_fast2bfq_43,41.685702897529445,76.30032643748213
epigenomics_6859_fast2bfq_44,50.94203224391744,71.30470459036437
epigenomics_6859_fast2bfq_45,39.6339554934718,84.43925209005869
epigenomics_6859_fast2bfq_46,44.47892816835275,81.66430120557864
epigenomics_6859_fast2bfq_47,42.882472473115314,73.22510260812567
epigenomics_6859_fast2bfq_48,43.295477988058664,88.42720238226539
epigenomics_6859_fast2bfq_49,45.4426053751924,76.12186033877892
epigenomics_6859_fast2bfq_50,44.068220979767965,90.02316422849134
epigenomics_6859_fast2bfq_51,37.458941152336614,90.6598474920069
epigenomics_6859_fast2bfq_52,46.142634133740295,81.69107478762822
epigenomics_6859_fast2bfq_53,36.663674865896695,90.78173032217816
epigenomics_6859_fast2bfq_54,44.00154115240964,76.91059373798288
epigenomics_6859_fast2bfq_55,53.213226213705454,86.2095949497474
epigenomics_6859_fast2bfq_56,39.5890416323292,87.42282989726021
epigenomics_6859_fast2bfq_57,41.73113467860954,90.55384306005655
epigenomics_6859_fast2bfq_58,40.459029922350474,87.49721020396646
epigenomics_6859_fast2bfq_59,39.36035208181349,73.76531949864327
epigenomics_6859_fast2bfq_60,47.609808134209736,83.4445844867228
epigenomics_6859_fast2bfq_61,41.234010357631426,73.39310768756599
epigenomics_6859_fast2bfq_62,52.86685275527073,79.00926577180465
epigenomics_6859_fast2bfq_63,50.88024086311763,75.32073505841005
epigenomics_6859_fast2bfq_64,52.61221088249368,76.48099795002658
epigenomics_6859_fast2bfq_65,44.05107915655656,73.31779978848829
epigenomics_6859_fast2bfq_66,47.53806528354357,76.72025461143045
epigenomics_6859_fast2bfq_67,44.113944672103905,78.89514165473312
epigenomics_6859_fast2bfq_68,52.862816822943586,85.7030697856852
epigenomics_6859_fast2bfq_69,41.942348544417776,83.93404597385147
epigenomics_6859_fast2bfq_70,48.057333937415585,77.03002652544065
epigenomics_6859_fast2bfq_71,53.08033272427875,80.51717791643279
epigenomics_6859_fast2bfq_72,43.89576779739869,80.00443294733468
epigenomics_6859_fast2bfq_73,60.1396404938496,78.13404455247237
epigenomics_6859_fast2bfq_74,51.18427871654699,74.11908406265167
epigenomics_6859_fast2bfq_75,46.35425819088004,98.43220156680482
epigenomics_6859_fast2bfq_76,39.809121027548805,82.9591551267551
epigenomics_6859_fast2bfq_77,49.88214014684802,83.75917538550833
epigenomics_6859_fast2bfq_78,43.92725663494379,88.96791488444885
epigenomics_6859_fast2bfq_79,48.790919982646294,76.67916492311623
epigenomics_6859_fast2bfq_80,43.22786405221264,82.15422771284419
epigenomics_6859_fast2bfq_81,52.91401285768125,82.08540717019352
epigenomics_6859_fast2bfq_82,39.279697241730815,89.59169300012142
epigenomics_6859_fast2bfq_83,48.277154342901575,85.1668435062154
epigenomics_6859_fast2bfq_84,33.860842032871176,70.96177043517103
epigenomics_6859_fast2bfq_85,50.12368575679515,81.70013020217252
epigenomics_6859_fast2bfq_86,47.17126790306456,82.25684540900222
epigenomics_6859_fast2bfq_87,57.65885047127445,72.83440878616118
epigenomics_6859_fast2bfq_88,47.564897921843425,79.2799332283406
epigenomics_6859_fast2bfq_89,40.144630410527974,76.14147914110089
epigenomics_6859_fast2bfq_90,44.66733845969303,86.13085474002779
epigenomics_6859_fast2bfq_91,45.43018408613925,81.27010479527536
epigenomics_6859_fast2bfq_92,40.74919285864907,63.61241045340158
epigenomics_6859_fast2bfq_93,38.64685575061579,79.51873428975132
epigenomics_6859_fast2bfq_94,55.563373852964176,78.46980404851136
epigenomics_6859_fast2bfq_95,46.104709429527546,73.77617646515928
epigenomics_6859_fast2bfq_96,38.40932415453462,85.96283893180444
epigenomics_6859_fast2bfq_97,52.228988966089965,71.48428042700186
epigenomics_6859_fast2bfq_98,56.094591381798594,69.88461258422198
epigenomics_6859_fast2bfq_99,36.03258517103653,64.93679672848064
epigenomics_6859_fast2bfq_100,32.85627458382274,80.18795807246802
epigenomics_6859_fast2bfq_101,38.206974413176816,87.15136325516785
epigenomics_6859_fast2bfq_102,59.956292288890495,81.63252143082231
epigenomics_6859_fast2bfq_103,30.446030078034923,71.20546595497092
epigenomics_6859_fast2bfq_104,51.37279193813171,88.93989290677243
epigenomics_6859_fast2bfq_105,45.86318836428679,84.2770790576665
epigenomics_6859_fast2bfq_106,44.618681867742545,81.18095234070009
epigenomics_6859_fast2bfq_107,46.69030801985327,75.70629371163479
epigenomics_6859_fast2bfq_108,56.850705741502026,85.29950735132125
epigenomics_6859_fast2bfq_109,48.889650312339604,81.94106743369498
epigenomics_6859_fast2bfq_110,47.48708115484638,80.13434353466857
epigenomics_6859_fast2bfq_111,46.07716451435999,80.59485004195176
epigenomics_6859_fast2bfq_112,41.878759775178395,84.25741196399633
epigenomics_6859_fast2bfq_113,46.7928400242804,76.6837036363247
epigenomics_6859_fast2bfq_114,47.77091407337086,73.77442874272376
epigenomics_6859_fast2bfq_115,53.046822186117424,80.64803046172295
epigenomics_6859_fast2bfq_116,49.8358984802762,62.95686016474983
epigenomics_6859_fast2bfq_117,51.28291206308822,76.28162130201898
epigenomics_6859_fast2bfq_118,36.780550453639705,92.61014958425378
epigenomics_6859_fast2bfq_119,36.557936859669255,81.59129757154577
epigenomics_6859_fast2bfq_120,43.08369270201792,74.36237218465254
epigenomics_6859_fast2bfq_121,44.052634945763074,82.72527261270666
epigenomics_6859_fast2bfq_122,48.8852956081013,84.99376060994895
epigenomics_6859_fast2bfq_123,43.58591547600433,82.7630530708062
epigenomics_6859_fast2bfq_124,42.0985408627661,77.22695268522517
epigenomics_6859_fast2bfq_125,50.72984515330767,73.34746663932489
epigenomics_6859_fast2bfq_126,41.3814778538318,81.65923689732183
epigenomics_6859_fast2bfq_127,43.21631173728852,79.3702863896021
epigenomics_6859_fast2bfq_128,39.92667945533053,73.24843947045369
epigenomics_6859_fast2bfq_129,57.21230746855251,94.93164993970007
epigenomics_6859_fast2bfq_130,48.18963929216282,79.74720825014259
epigenomics_6859_fast2bfq_131,44.311981348467,73.2840447011232
epigenomics_6859_fast2bfq_132,53.614063192895,91.36120121930644
epigenomics_6859_fast2bfq_133,44.31121602132987,67.23667116256642
epigenomics_6859_fast2bfq_134,50.477168669825126,75.1982607814984
epigenomics_6859_fast2bfq_135,44.91993787690331,68.74052132494714
epigenomics_6859_fast2bfq_136,40.302311003431036,74.81329516008019
epigenomics_6859_fast2bfq_137,51.85335448560697,77.15456618458232
epigenomics_6859_fast2bfq_138,49.09295767384591,90.85861107220695
epigenomics_6859_fast2bfq_139,45.28408110222294,82.59629857345838
epigenomics_6859_fast2bfq_140,54.353775942680564,76.25801951521673
epigenomics_6859_fast2bfq_141,44.62081255329831,88.98848260474526
epigenomics_6859_fast2bfq_142,44.75672481577303,83.41029354386701
epigenomics_6859_fast2bfq_143,54.13201862043307,71.22089011021642
epigenomics_6859_fast2bfq_144,43.84763768024855,77.0168097419829
epigenomics_6859_fast2bfq_145,60.539808691155486,81.90304174398746
epigenomics_6859_fast2bfq_146,42.83657502056156,84.20484464816703
epigenomics_6859_fast2bfq_147,41.34615665309774,80.89636532340822
epigenomics_6859_fast2bfq_148,43.06936430446606,77.96251790776046
epigenomics_6859_fast2bfq_149,47.006629089587676,73.95349791892929
epigenomics_6859_fast2bfq_150,50.2233048195169,82.79791236377535
epigenomics_6859_fast2bfq_151,34.99253618653978,82.69022015247377
epigenomics_6859_fast2bfq_152,52.628012657474585,74.17484888169665
epigenomics_6859_fast2bfq_153,43.38455005433872,85.60038612486602
epigenomics_6859_fast2bfq_154,57.791799709224485,80.90094908966898
epigenomics_6859_fast2bfq_155,52.669899701064345,84.86799435278614
epigenomics_6859_fast2bfq_156,49.149065908427495,88.9561718079471
epigenomics_6859_fast2bfq_157,44.58267960780469,64.66217721316181
epigenomics_6859_fast2bfq_158,42.04787661900706,66.86982195045181
epigenomics_6859_fast2bfq_159,44.435180470319594,93.06468024035175
epigenomics_6859_fast2bfq_160,45.973993078191334,84.63223817471874
epigenomics_6859_fast2bfq_161,42.196502633082055,73.33171482644639
epigenomics_6859_fast2bfq_162,42.891149070428874,75.3069842057773
epigenomics_6859_fast2bfq_163,53.730934071349516,70.33914056329162
epigenomics_6859_fast2bfq_164,43.48461630316058,85.45927741771314
epigenomics_6859_fast2bfq_165,49.123530484124956,86.04230785827434
epigenomics_6859_fast2bfq_166,43.17041446410916,81.87071768375722
epigenomics_6859_fast2bfq_167,50.76627954426354,89.93805039905027
epigenomics_6859_fast2bfq_168,35.06710227306192,88.8936687353077
epigenomics_6859_fast2bfq_169,44.307140732422056,79.44973256178747
epigenomics_6859_fast2bfq_170,43.164274881313176,77.15691572612678
epigenomics_6859_fast2bfq_171,49.067259696391616,82.54738808735051
epigenomics_6859_fast2bfq_172,44.575338232890566,80.6753574537009
epigenomics_6859_fast2bfq_173,46.48419176276414,74.51745120195594
epigenomics_6859_fast2bfq_174,48.1874780354942,82.66917404240681
epigenomics_6859_fast2bfq_175,44.97440608135549,82.98064376492418
epigenomics_6859_fast2bfq_176,45.01282551203194,79.2293069531421
epigenomics_6859_fast2bfq_177,50.213408961999605,72.63683365084641
epigenomics_6859_fast2bfq_178,35.2594366458937,85.20745665239123
epigenomics_6859_fast2bfq_179,44.662139100635194,83.06153135508166
epigenomics_6859_fast2bfq_180,46.15812314984657,84.88501291320279
epigenomics_6859_fast2bfq_181,51.01856087002979,79.67142904674847
epigenomics_6859_fast2bfq_182,44.334915481390084,68.47744793003702
epigenomics_6859_fast2bfq_183,40.742844756826116,70.64593083296747
epigenomics_6859_fast2bfq_184,44.09072528507604,83.46210166418314
epigenomics_6859_fast2bfq_185,32.20257887757332,82.00165919896418
epigenomics_6859_fast2bfq_186,40.506572678663105,76.48724095655805
epigenomics_6859_fast2bfq_187,34.676811849737305,92.96180939888421
epigenomics_6859_fast2bfq_188,51.98206583187369,96.44765737046873
epigenomics_6859_fast2bfq_189,50.732878250271476,72.25078634482999
epigenomics_6859_fast2bfq_190,43.03947905261669,83.90687581060233
epigenomics_6859_fast2bfq_191,42.277435020621425,66.94585219436885
epigenomics_6859_fast2bfq_192,43.19029684376408,78.06249074506854
epigenomics_6859_fast2bfq_193,44.00700726538834,80.97849730965682
epigenomics_6859_fast2bfq_194,54.887904361045386,84.87710423933879
epigenomics_6859_fast2bfq_195,45.46900457328754,77.72972922843259
epigenomics_6859_fast2bfq_196,56.12607094688619,74.53346473424575
epigenomics_6859_fast2bfq_197,50.75473526610782,74.94709206558116
epigenomics_6859_fast2bfq_198,60.01056141749791,84.13440085746514
epigenomics_6859_fast2bfq_199,39.482719117918364,81.90282203921468
epigenomics_6859_fast2bfq_200,42.53870887900841,79.5537590314489
epigenomics_6859_fast2bfq_201,40.76404210738304,77.81557395327171
epigenomics_6859_fast2bfq_202,37.57960737979682,84.80676983518919
epigenomics_6859_fast2bfq_203,39.78472921845412,79.25363578032302
epigenomics_6859_fast2bfq_204,39.16629598119067,63.40140414751683
epigenomics_6859_fast2bfq_205,49.76724728700197,92.52987525545073
epigenomics_6859_fast2bfq_206,60.21344047710929,87.77646091348727
epigenomics_6859_fast2bfq_207,40.74260928822335,80.95098960179665
epigenomics_6859_fast2bfq_208,29.712144878453657,83.01917078690578
epigenomics_6859_fast2bfq_209,33.56564433035308,78.76357091807026
epigenomics_6859_fast2bfq_210,51.594335271808575,80.7001580280194
epigenomics_6859_fast2bfq_211,44.09739708249261,84.63401632797297
epigenomics_6859_fast2bfq_212,41.14657126448068,72.03669999939501
epigenomics_6859_fast2bfq_213,44.071123041103206,76.79977054003382
epigenomics_6859_fast2bfq_214,51.86788229781685,79.39494131269632
epigenomics_6859_fast2bfq_215,40.32282184348459,77.22267778299235
epigenomics_6859_fast2bfq_216,51.583883195154456,78.40613946253906
epigenomics_6859_fast2bfq_217,36.05639181917374,82.79488238115935
epigenomics_6859_fast2bfq_218,57.52077506225911,95.6725506633027
epigenomics_6859_fast2bfq_219,45.30248227677074,92.04776767896885
epigenomics_6859_fast2bfq_220,49.43904612017984,78.71672933897054
epigenomics_6859_fast2bfq_221,45.0900575229222,83.39653677616825
epigenomics_6859_fast2bfq_222,36.078928926023906,82.5066134645137
epigenomics_6859_fast2bfq_223,44.3659565998199,80.44790577928002
epigenomics_6859_fast2bfq_224,40.482248597729566,78.35564236714067
epigenomics_6859_fast2bfq_225,47.220805446646104,68.48014116081927
epigenomics_6859_fast2bfq_226,39.90555488905255,88.04613001433883
epigenomics_6859_fast2bfq_227,48.708851123585376,91.53251795866223
epigenomics_6859_fast2bfq_228,31.959563345662836,82.70588043359822
epigenomics_6859_fast2bfq_229,49.84423309205561,85.72298348786474
epigenomics_6859_fast2bfq_230,36.59343805086193,66.87434059664223
epigenomics_6859_fast2bfq_231,49.822215611514196,76.81804360298274
epigenomics_6859_fast2bfq_232,46.40110118446222,75.21292881506415
epigenomics_6859_fast2bfq_233,41.42162969556405,76.3833769496628
epigenomics_6859_fast2bfq_234,47.98041094681102,79.13400873466101
epigenomics_6859_fast2bfq_235,52.14546209180521,89.51540217543862
epigenomics_6859_fast2bfq_236,42.12170221140484,89.65181674398399
epigenomics_6859_fast2bfq_237,30.70320874288163,75.72691700158259
epigenomics_6859_fast2bfq_238,49.92573499935556,71.88040863414727
epigenomics_6859_fast2bfq_239,42.836715730443714,80.32468986211492
epigenomics_6859_fast2bfq_240,49.23216975972543,91.6841876945735
epigenomics_6859_fast2bfq_241,48.17524236791209,75.8355871093667
epigenomics_6859_fast2bfq_242,39.312435037754014,72.04713886633814
epigenomics_6859_fast2bfq_243,38.07305127926435,70.03700167595332
epigenomics_6859_fast2bfq_244,54.69105455729752,87.68737427058545
epigenomics_6859_fast2bfq_245,43.541308630282565,80.31877559660309
epigenomics_6859_fast2bfq_246,46.84526425055725,85.6102968802658
epigenomics_6859_fast2bfq_247,44.62961884052298,82.1094065242281
epigenomics_6859_fast2bfq_248,47.334425133889496,82.25545607936145
epigenomics_6859_fast2bfq_249,39.530213138711844,79.59849158113946
epigenomics_6859_fast2bfq_250,39.92489478711134,85.56860701991954
epigenomics_6859_fast2bfq_251,53.200709592127836,79.14396844459196
epigenomics_6859_fast2bfq_252,44.349689236578364,85.13974112285102
epigenomics_6859_fast2bfq_253,63.77747185860312,76.28681855220685
epigenomics_6859_fast2bfq_254,27.145653308400323,90.56073748303626
epigenomics_6859_fast2bfq_255,48.47064695242022,66.75888814593944
epigenomics_6859_fast2bfq_256,42.7012304808541,89.81710208888893
epigenomics_6859_fast2bfq_257,40.92417285336348,82.06578855546276
epigenomics_6859_fast2bfq_258,40.17191366772731,86.15197388196574
epigenomics_6859_fast2bfq_259,48.1998683381723,90.86116189171949
epigenomics_6859_fast2bfq_260,44.17177513214704,90.27504551947605
epigenomics_6859_fast2bfq_261,55.869122320929094,80.6161259776169
epigenomics_6859_fast2bfq_262,37.26671378519829,65.75296672257134
epigenomics_6859_fast2bfq_263,43.66058764548219,84.1080652520573
epigenomics_6859_fast2bfq_264,43.46267661665306,81.39310097140445
epigenomics_6859_fast2bfq_265,42.70873295865293,87.2476594227877
epigenomics_6859_fast2bfq_266,48.894337646832035,83.68650544821844
epigenomics_6859_fast2bfq_267,44.07410161174472,70.7081800954461
epigenomics_6859_fast2bfq_268,48.453576859633735,87.62037280619059
epigenomics_6859_fast2bfq_269,53.784435841198714,89.13369616600089
epigenomics_6859_fast2bfq_270,61.72445853410502,85.86302500096316
epigenomics_6859_fast2bfq_271,45.46042223320247,84.439377080948
epigenomics_6859_fast2bfq_272,34.18246014418267,92.67160734430614
epigenomics_6859_fast2bfq_273,42.05009115936402,82.39333656940676
epigenomics_6859_fast2bfq_274,43.70770701178592,87.47073670512582
epigenomics_6859_fast2bfq_275,35.30841044467109,88.02153067835319
epigenomics_6859_fast2bfq_276,42.3800842603753,78.4065250370085
epigenomics_6859_fast2bfq_277,43.174223250888346,82.9603567418373
epigenomics_6859_fast2bfq_278,25.86423533910637,91.48125167936814
epigenomics_6859_fast2bfq_279,48.54260681259008,61.509088550932766
epigenomics_6859_fast2bfq_280,49.76187520905356,93.3112872140022
epigenomics_6859_fast2bfq_281,43.84027714700453,73.99274542601184
epigenomics_6859_fast2bfq_282,33.77372570300918,77.57532309615418
epigenomics_6859_fast2bfq_283,33.92618696100331,79.10692327873838
epigenomics_6859_fast2bfq_284,44.819020642659225,91.44066519318264
epigenomics_6859_fast2bfq_285,43.6805139247762,80.0530739177398
epigenomics_6859_fast2bfq_286,43.007265520711265,68.20581992453603
epigenomics_6859_fast2bfq_287,44.06633607293551,79.60785466849859
epigenomics_6859_fast2bfq_288,42.565737776330025,75.25904532908685
epigenomics_6859_fast2bfq_289,47.82076530261958,87.63499941199409
epigenomics_6859_fast2bfq_290,41.797630980853945,74.7842343645969
epigenomics_6859_fast2bfq_291,50.347397870998066,70.19514987365224
epigenomics_6859_fast2bfq_292,53.340535707254375,94.69922955070295
epigenomics_6859_fast2bfq_293,58.66575407496295,85.11321535041631
epigenomics_6859_fast2bfq_294,40.127801135680784,79.38856506029236
epigenomics_6859_fast2bfq_295,52.08291751141235,80.28445378173659
epigenomics_6859_fast2bfq_296,45.822376872614846,76.22670832765627
epigenomics_6859_fast2bfq_297,35.83956225255192,81.39748145669505
epigenomics_6859_fast2bfq_298,55.858639164118735,86.54307798139457
epigenomics_6859_fast2bfq_299,39.6557863248824,83.80127147389334
epigenomics_6859_fast2bfq_300,30.80837364397147,75.55645354653211
epigenomics_6859_fast2bfq_301,46.66916615514138,91.30308987589287
epigenomics_6859_fast2bfq_302,36.85527924637281,84.42595905083803
epigenomics_6859_fast2bfq_303,33.27501625306938,84.7563327464343
epigenomics_6859_fast2bfq_304,61.51924478617138,74.70380570886293
epigenomics_6859_fast2bfq_305,42.64623469276706,78.91580776456284
epigenomics_6859_fast2bfq_306,49.48279150253553,71.09316015560509
epigenomics_6859_fast2bfq_307,47.78008811309562,80.34383850229864
epigenomics_6859_fast2bfq_308,52.08447993309113,81.23692604458655
epigenomics_6859_fast2bfq_309,46.160508512743746,92.54378113305236
epigenomics_6859_fast2bfq_310,39.662157322898956,85.3198983535891
epigenomics_6859_fast2bfq_311,42.099796748586925,71.03767859323985
epigenomics_6859_fast2bfq_312,28.538334246318104,78.7711019749928
epigenomics_6859_fast2bfq_313,35.981604268825926,79.66310365973713
epigenomics_6859_fast2bfq_314,45.41150486459607,81.03116510054771
epigenomics_6859_fast2bfq_315,43.94619146780745,84.24873780012015
epigenomics_6859_fast2bfq_316,44.01801220177637,94.82821603166738
epigenomics_6859_fast2bfq_317,38.879284901622576,75.39916228277397
epigenomics_6859_fast2bfq_318,56.44279869497157,84.99378688211682
epigenomics_6859_fast2bfq_319,44.3505443442179,92.57916380379825
epigenomics_6859_fast2bfq_320,43.83206042562969,88.36219191125767
epigenomics_6859_fast2bfq_321,50.9339845331802,76.6123468058477
epigenomics_6859_fast2bfq_322,43.284734809900115,78.95848049372846
epigenomics_6859_fast2bfq_323,30.373422483483196,81.33760706705775
epigenomics_6859_fast2bfq_324,49.35314713791892,88.12359334430604
epigenomics_6859_fast2bfq_325,54.412993832784316,79.7509465951297
epigenomics_6859_fast2bfq_326,41.68711637510548,78.62432519207645
epigenomics_6859_fast2bfq_327,44.287393751241545,96.94807198571053
epigenomics_6859_fast2bfq_328,44.51167872396807,80.65491340503455
epigenomics_6859_fast2bfq_329,49.98138457459995,80.14034916407712
epigenomics_6859_fast2bfq_330,44.290289535752734,78.66187521127435
epigenomics_6859_fast2bfq_331,50.102969171820945,71.75513601227526
epigenomics_6859_fast2bfq_332,47.43681906222954,86.82733036108337
epigenomics_6859_fast2bfq_333,37.04148011378498,75.90381748446022
epigenomics_6859_fast2bfq_334,41.437225860272655,77.20834593848089
epigenomics_6859_fast2bfq_335,43.68833786044212,78.67813470581424
epigenomics_6859_fast2bfq_336,35.852685531690994,73.22440399602195
epigenomics_6859_fast2bfq_337,32.298097327048254,77.87869376003486
epigenomics_6859_fast2bfq_338,39.45076355674795,82.08880475664876
epigenomics_6859_fast2bfq_339,35.88046370177976,68.99180389907917
epigenomics_6859_fast2bfq_340,43.27533107233021,82.26844284191814
epigenomics_6859_fast2bfq_341,47.12455669596888,80.17538322143785
epigenomics_6859_fast2bfq_342,30.132214544064553,75.14243690550276
epigenomics_6859_fast2bfq_343,52.5513240431681,82.83391977494561
epigenomics_6859_fast2bfq_344,49.051284817897276,82.51140655049458
epigenomics_6859_fast2bfq_345,45.37310256463014,84.81764775047911
epigenomics_6859_fast2bfq_346,30.586547787898336,73.68343842466031
epigenomics_6859_fast2bfq_347,58.2344920530965,91.02373714384413
epigenomics_6859_fast2bfq_348,45.167912333771355,84.64364837260584
epigenomics_6859_fast2bfq_349,50.52333732441201,87.76724339757202
epigenomics_6859_fast2bfq_350,49.45429392517357,67.97967937919049
epigenomics_6859_fast2bfq_351,54.82926075338274,73.86345644628894
epigenomics_6859_fast2bfq_352,47.57266158076991,77.30239829114237
epigenomics_6859_fast2bfq_353,50.32126497576554,74.80742031658033
epigenomics_6859_fast2bfq_354,46.52449963686538,85.01746996250641
epigenomics_6859_fast2bfq_355,43.796976309905425,75.69959673192415
epigenomics_6859_fast2bfq_356,39.073822702117994,79.38291676198234
epigenomics_6859_fast2bfq_357,50.88087165398248,101.8531988729506
epigenomics_6859_fast2bfq_358,44.77072406593102,75.3203246011081
epigenomics_6859_fast2bfq_359,54.403317281628354,77.90246015192717
epigenomics_6859_fast2bfq_360,45.14596668624674,89.3790605742445
epigenomics_6859_fast2bfq_361,49.51226291771617,77.8653338045476
epigenomics_6859_fast2bfq_362,55.84010388872376,79.93743066696948
epigenomics_6859_fast2bfq_363,39.8964996793364,85.04386076800199
epigenomics_6859_fast2bfq_364,38.62991977901543,79.61537381231231
epigenomics_6859_fast2bfq_365,57.86479042387385,76.32661134113734
epigenomics_6859_fast2bfq_366,38.1190291772982,76.20659348378257
epigenomics_6859_fast2bfq_367,42.48902220546191,86.80991031313988
epigenomics_6859_fast2bfq_368,41.690473889706425,80.5475543785795
epigenomics_6859_fast2bfq_369,42.99698197362671,74.3173976060444
epigenomics_6859_fast2bfq_370,51.92312757483751,77.67538482745532
epigenomics_6859_fast2bfq_371,45.060299678398565,74.25789886840265
epigenomics_6859_fast2bfq_372,40.04249902255613,71.09675511819059
epigenomics_6859_fast2bfq_373,41.043012722910106,91.2518806870036
epigenomics_6859_fast2bfq_374,49.331484950369074,83.31101915457107
epigenomics_6859_fast2bfq_375,42.845100860843345,96.37188197165307
epigenomics_6859_fast2bfq_376,42.871600440841455,91.07641037150375
epigenomics_6859_fast2bfq_377,52.89989736821959,93.75280437981172
epigenomics_6859_fast2bfq_378,41.30306919458895,74.4340636918972
epigenomics_6859_fast2bfq_379,52.96908649835548,78.25540658038155
epigenomics_6859_fast2bfq_380,51.339690397805626,85.67785575244693
epigenomics_6859_fast2bfq_381,46.821099523676644,84.41342362850648
epigenomics_6859_fast2bfq_382,35.98312378673346,76.197879871789
epigenomics_6859_fast2bfq_383,35.668486631199045,82.94368342648737
epigenomics_6859_fast2bfq_384,36.013451578613974,68.23997215675135
epigenomics_6859_fast2bfq_385,41.3250192318922,77.47067065126087
epigenomics_6859_fast2bfq_386,30.980496769332195,74.41580847472774
epigenomics_6859_fast2bfq_387,44.33446501521547,80.78313268955482
epigenomics_6859_fast2bfq_388,55.36799362786524,82.47325509295611
epigenomics_6859_fast2bfq_389,47.137182046909,78.02470179424563
epigenomics_6859_fast2bfq_390,53.01307927020705,80.67843138052484
epigenomics_6859_fast2bfq_391,51.31158442520731,82.26250682331728
epigenomics_6859_fast2bfq_392,51.01617958703591,78.93811777539777
epigenomics_6859_fast2bfq_393,39.06419349339649,78.15274685361679
epigenomics_6859_fast2bfq_394,43.16019213664385,83.29939799907369
epigenomics_6859_fast2bfq_395,31.27165189384965,84.6646992337095
epigenomics_6859_fast2bfq_396,46.649643693625826,83.45887559267548
epigenomics_6859_fast2bfq_397,55.28257038667519,76.22204510143507
epigenomics_6859_fast2bfq_398,44.37785586403528,91.6802769032801
epigenomics_6859_fast2bfq_399,38.04796438777809,87.19679755205874
epigenomics_6859_fast2bfq_400,39.01241394174247,79.9099444385768
epigenomics_6859_fast2bfq_401,45.49872230730969,81.10316276108729
epigenomics_6859_fast2bfq_402,47.26251019958182,87.82186535049833
epigenomics_6859_fast2bfq_403,44.323495555506575,72.38743589090696
epigenomics_6859_fast2bfq_404,51.49910164000748,71.65886939283628
epigenomics_6859_fast2bfq_405,48.89332802384724,69.83123227046067
epigenomics_6859_fast2bfq_406,30.74596294783713,87.74849707936015
epigenomics_6859_fast2bfq_407,48.424240096715,75.59993297070261
epigenomics_6859_fast2bfq_408,38.24342791579555,69.35201240162426
epigenomics_6859_fast2bfq_409,51.84908370212146,79.33902245487766
epigenomics_6859_fast2bfq_410,33.98043274477912,78.45022133524367
epigenomics_6859_fast2bfq_411,53.84306289533238,76.77394863047046
epigenomics_6859_fast2bfq_412,34.35664740453065,76.8868617444688
epigenomics_6859_fast2bfq_413,44.758641393933445,78.96323731722359
epigenomics_6859_fast2bfq_414,43.708742753526415,82.39732513085451
epigenomics_6859_fast2bfq_415,39.54044118251768,81.8623318920794
epigenomics_6859_fast2bfq_416,40.883267865576514,82.75415247546007
epigenomics_6859_fast2bfq_417,44.96515645724192,80.92037144182397
epigenomics_6859_fast2bfq_418,47.72562058073674,68.53557826090419
epigenomics_6859_fast2bfq_419,35.30059186219758,90.04979593306359
epigenomics_6859_fast2bfq_420,49.89785153999183,89.61243702776507
epigenomics_6859_fast2bfq_421,33.442208050127114,58.960924073352714
epigenomics_6859_fast2bfq_422,53.88892077063768,80.29877095718157
epigenomics_6859_fast2bfq_423,42.915640209511615,77.52250881631619
epigenomics_6859_fast2bfq_424,47.14409563565709,83.58065396204482
epigenomics_6859_fast2bfq_425,50.681124768301146,79.18583267413317
epigenomics_6859_fast2bfq_426,33.85137816578698,72.78087063491489
epigenomics_6859_fast2bfq_427,38.90057851267241,76.74234197925425
epigenomics_6859_fast2bfq_428,44.72018891927394,81.0059716278465
epigenomics_6859_fast2bfq_429,44.87770982595681,83.8498536808275
epigenomics_6859_fast2bfq_430,48.19458187736804,80.43878863168324
epigenomics_6859_fast2bfq_431,31.054302244997455,73.1445794053301
epigenomics_6859_fast2bfq_432,39.02922384922041,80.78607323986648
epigenomics_6859_fast2bfq_433,44.38580062147862,71.20172390274668
epigenomics_6859_fast2bfq_434,38.5132916671375,78.14161959761111
epigenomics_6859_fast2bfq_435,44.67320881223621,86.43184694183273
epigenomics_6859_fast2bfq_436,50.082953002419266,87.60833387789862
epigenomics_6859_fast2bfq_437,40.90561354597216,77.80838767343916
epigenomics_6859_fast2bfq_438,47.19666833822308,77.99858852098316
epigenomics_6859_fast2bfq_439,38.39215665478022,76.81469244920429
epigenomics_6859_fast2bfq_440,64.50565550228701,79.45165450710608
epigenomics_6859_fast2bfq_441,40.81779284803448,75.80156211460185
epigenomics_6859_fast2bfq_442,51.18478146348528,80.53717708636916
epigenomics_6859_fast2bfq_443,50.92862800024099,64.83871928478592
epigenomics_6859_fast2bfq_444,45.77820467785204,84.7764540643774
epigenomics_6859_fast2bfq_445,45.39690214397382,75.21978236040019
epigenomics_6859_fast2bfq_446,29.807124789529936,74.52621831848319
epigenomics_6859_fast2bfq_447,27.393497722783195,71.29154807857347
epigenomics_6859_fast2bfq_448,42.72751334804158,84.06663436514887
epigenomics_6859_fast2bfq_449,45.49143542327321,83.01645733533147
epigenomics_6859_fast2bfq_450,46.44487745052886,90.93549125704936
epigenomics_6859_fast2bfq_451,31.563070039275626,75.38585245227678
epigenomics_6859_fast2bfq_452,46.64083742750691,83.00556585500358
epigenomics_6859_fast2bfq_453,44.46470192515495,72.35854200899655
epigenomics_6859_fast2bfq_454,39.84155883930092,96.257389530074
epigenomics_6859_fast2bfq_455,49.17517890857252,71.69807930217189
epigenomics_6859_fast2bfq_456,22.51493718141173,83.98345104204844
epigenomics_6859_fast2bfq_457,48.9945351542827,81.8093550276618
epigenomics_6859_fast2bfq_458,48.759617984246134,73.14420979647886
epigenomics_6859_fast2bfq_459,37.51796051875407,81.4764996074394
epigenomics_6859_fast2bfq_460,55.80901504577924,79.2086140273558
epigenomics_6859_fast2bfq_461,46.24765999543587,76.51988136939805
epigenomics_6859_fast2bfq_462,40.51644411549702,82.75620872633145
epigenomics_6859_fast2bfq_463,35.17096457024836,83.25125144599934
epigenomics_6859_fast2bfq_464,49.804533954555794,79.50553243833423
epigenomics_6859_fast2bfq_465,52.678631825438885,86.43019553804824
epigenomics_6859_fast2bfq_466,42.87911885432351,76.4237733877964
epigenomics_6859_fast2bfq_467,54.19501714902193,87.64586316085546
epigenomics_6859_fast2bfq_468,43.77611784603954,91.28537549417311
epigenomics_6859_fast2bfq_469,41.863050267893236,76.61131848190018
epigenomics_6859_fast2bfq_470,42.77361219165619,67.47839117564773
epigenomics_6859_fast2bfq_471,39.86702412313325,73.34775743282637
epigenomics_6859_fast2bfq_472,47.233176199817436,68.87344265635828
epigenomics_6859_fast2bfq_473,49.00988782647696,69.52008437517365
epigenomics_6859_fast2bfq_474,43.80450023359611,77.011073738953
epigenomics_6859_fast2bfq_475,38.05138638934503,76.71720505198999
epigenomics_6859_fast2bfq_476,54.1061612520994,86.53661348614561
epigenomics_6859_fast2bfq_477,45.73284278699913,87.67316266555585
epigenomics_6859_fast2bfq_478,47.53977427522423,83.99844377019667
epigenomics_6859_fast2bfq_479,42.13653005233378,73.37617139869774
epigenomics_6859_fast2bfq_480,49.16702194459709,73.69649963001928
epigenomics_6859_fast2bfq_481,41.81932593460955,78.9356747678837
epigenomics_6859_fast2bfq_482,43.04037844691044,82.72620207223216
epigenomics_6859_fast2bfq_483,33.30718451689715,84.51590018073325
epigenomics_6859_fast2bfq_484,44.35209812781493,62.58996555599467
epigenomics_6859_fast2bfq_485,50.12422284801175,81.2268214944165
epigenomics_6859_fast2bfq_486,50.78614973668515,80.84025262950219
epigenomics_6859_fast2bfq_487,43.09510638124544,71.61961907827703
epigenomics_6859_fast2bfq_488,34.984236549788605,94.97454873283486
epigenomics_6859_fast2bfq_489,54.56577277383937,77.34057919224578
epigenomics_6859_fast2bfq_490,47.25604722235533,85.40175353186203
epigenomics_6859_fast2bfq_491,51.46201674918965,91.86321146052344
epigenomics_6859_fast2bfq_492,31.58579300902398,77.68263273317204
epigenomics_6859_fast2bfq_493,54.75589291156777,78.18647696366871
epigenomics_6859_fast2bfq_494,42.34961456526031,69.66066085249261
epigenomics_6859_fast2bfq_495,37.51980159296173,85.43037559191855
epigenomics_6859_fast2bfq_496,52.83296773803342,96.27910082073313
epigenomics_6859_fast2bfq_497,33.516234196694896,68.97415884037235
epigenomics_6859_fast2bfq_498,49.62537277514338,77.57187002434232
epigenomics_6859_fast2bfq_499,54.79381838296958,76.98467020274164
epigenomics_6859_map_0,9780.13460468559,193.46407680659425
epigenomics_6859_map_1,10285.49376427729,184.47750891588433
epigenomics_6859_map_2,9553.699916603302,187.8145398125828
epigenomics_6859_map_3,9895.56588710527,186.19441183662727
epigenomics_6859_map_4,9578.171614749352,183.85519853724512
epigenomics_6859_map_5,9866.525826039906,184.14910051638833
epigenomics_6859_map_6,10536.637889456379,180.4733484095221
epigenomics_6859_map_7,9533.262899265743,188.6830456037515
epigenomics_6859_map_8,9429.039547254726,182.37284603071873
epigenomics_6859_map_9,10068.8971497312,183.9946843380798
epigenomics_6859_map_10,9978.59921269817,170.6768868859081
epigenomics_6859_map_11,9850.023809389197,183.31022423151703
epigenomics_6859_map_12,9984.508698333564,189.20785352614422
epigenomics_6859_map_13,10821.309523815977,191.79909185931925
epigenomics_6859_map_14,10199.69374213746,176.64591940832835
epigenomics_6859_map_15,9803.598067368412,193.2076744989653
epigenomics_6859_map_16,10198.755216312175,184.6204628742194
epigenomics_6859_map_17,10371.677130863896,181.59586995897766
epigenomics_6859_map_18,9784.743852849586,184.21771875102306
epigenomics_6859_map_19,9206.129002822,187.74970947240217
epigenomics_6859_map_20,9772.409800237367,173.6317197443308
epigenomics_6859_map_21,10555.221050262717,176.3526887209423
epigenomics_6859_map_22,9669.020295743416,189.58023083207746
epigenomics_6859_map_23,10076.380347060376,185.40714283687353
epigenomics_6859_map_24,9458.856356902503,183.88556244445812
epigenomics_6859_map_25,9990.930787233478,192.34209856296192
epigenomics_6859_map_26,10367.199210645418,184.02806449450551
epigenomics_6859_map_27,9586.94911598022,176.9620947539648
epigenomics_6859_map_28,10001.050422186074,182.68522563419813
epigenomics_6859_map_29,9105.347330564333,180.21738710021026
epigenomics_6859_map_30,9270.676084095452,190.83896981210114
epigenomics_6859_map_31,10632.142673792197,189.7765412085965
epigenomics_6859_map_32,10139.669103876104,189.06192084513566
epigenomics_6859_map_33,9692.076580024474,182.63069888812726
epigenomics_6859_map_34,9602.290816713388,184.72398673557288
epigenomics_6859_map_35,10258.398305793584,176.32274116063022
epigenomics_6859_map_36,9485.162155250338,186.2362393620304
epigenomics_6859_map_37,9868.571903553746,182.51122075021505
epigenomics_6859_map_38,10327.473770429797,187.00725881340387
epigenomics_6859_map_39,10366.479157991045,189.70408930296608
epigenomics_6859_map_40,9859.52214938861,176.39828453077345
epigenomics_6859_map_41,9779.76276813476,182.82677278201433
epigenomics_6859_map_42,10414.903204484837,186.69314961328138
epigenomics_6859_map_43,10562.981651213244,185.99214697362945
epigenomics_6859_map_44,10001.39728503795,187.04959833984137
epigenomics_6859_map_45,9582.222351482302,188.24108494737698
epigenomics_6859_map_46,9882.787413765442,191.9606380434015
epigenomics_6859_map_47,9523.396939620261,189.00113651915382
epigenomics_6859_map_48,10549.614062022374,182.1175974307371
epigenomics_6859_map_49,10086.48300711549,175.66105321880474
epigenomics_6859_map_50,10244.934639639132,189.2490535613658
epigenomics_6859_map_51,10929.78624467349,193.65568002259616
epigenomics_6859_map_52,10947.181348536686,188.55450012068536
epigenomics_6859_map_53,9545.974608050139,186.5875638457414
epigenomics_6859_map_54,10095.03554991798,187.60255780604356
epigenomics_6859_map_55,9674.493230725266,196.68748246714836
epigenomics_6859_map_56,9889.273472752588,187.3803072001804
epigenomics_6859_map_57,9430.579583242972,182.77451862658663
epigenomics_6859_map_58,9928.28442898104,182.6565939907289
epigenomics_6859_map_59,9609.912568990203,180.741978245545
epigenomics_6859_map_60,10611.393214764312,198.00071216111593
epigenomics_6859_map_61,9353.318540780412,177.5153722586168
epigenomics_6859_map_62,9653.18552331916,184.30787198558858
epigenomics_6859_map_63,10186.965164200428,179.6162456757434
epigenomics_6859_map_64,10558.778908600181,189.45742536491156
epigenomics_6859_map_65,9653.28394202275,173.71023373833881
epigenomics_6859_map_66,9647.264468631329,181.53982717003512
epigenomics_6859_map_67,10406.413738520605,185.0342571916645
epigenomics_6859_map_68,9939.201173886206,194.43763864190254
epigenomics_6859_map_69,9308.667695912836,181.50333368655507
epigenomics_6859_map_70,9850.990504394222,185.70821177784214
epigenomics_6859_map_71,9934.93503548787,183.2578501307133
epigenomics_6859_map_72,10334.017034657672,189.26076958742934
epigenomics_6859_map_73,10690.705123666161,184.85784137776565
epigenomics_6859_map_74,9714.468208890092,187.5094329009646
epigenomics_6859_map_75,10292.06666588576,176.6784254740534
epigenomics_6859_map_76,10442.840688885504,183.1322572549369
epigenomics_6859_map_77,11066.833588051672,181.6240060943842
epigenomics_6859_map_78,8807.271216689027,186.20269244985843
epigenomics_6859_map_79,10325.907972656332,184.44433954882302
epigenomics_6859_map_80,9770.24965083039,184.90259398124783
epigenomics_6859_map_81,10946.10856357216,179.7619762376363
epigenomics_6859_map_82,9473.982981405696,197.82546058486776
epigenomics_6859_map_83,9871.888479861018,184.00320205822365
epigenomics_6859_map_84,9647.472988507861,183.0139876003535
epigenomics_6859_map_85,9791.830290803928,184.24958610369197
epigenomics_6859_map_86,9446.195193040872,184.87534474810792
epigenomics_6859_map_87,10229.0547712674,176.08652110669655
epigenomics_6859_map_88,10612.495440122075,186.7356264189561
epigenomics_6859_map_89,9824.183941926987,177.75401860340318
epigenomics_6859_map_90,10214.759780334918,187.70595495677614
epigenomics_6859_map_91,9923.062960614368,186.86649747341502
epigenomics_6859_map_92,10130.309728941074,176.72511446707645
epigenomics_6859_map_93,10102.35704681251,192.77722551652474
epigenomics_6859_map_94,9403.363918365903,184.43465731925392
epigenomics_6859_map_95,9184.33947906609,188.5242050541542
epigenomics_6859_map_96,10761.06335768195,184.27186596398715
epigenomics_6859_map_97,10134.38006992787,180.40612494867457
epigenomics_6859_map_98,9917.22928611436,184.9869596738746
epigenomics_6859_map_99,10208.180246580474,180.92526071437172
epigenomics_6859_map_100,10728.339540877918,191.5176147107096
epigenomics_6859_map_101,9798.414848574035,185.36763639396406
epigenomics_6859_map_102,10164.779983887795,190.44730713801866
epigenomics_6859_map_103,10088.216906289066,180.87966135657535
epigenomics_6859_map_104,9973.946204066944,188.08226900119033
epigenomics_6859_map_105,10498.337609017122,184.31620822911222
epigenomics_6859_map_106,10291.721268568157,192.60019888310597
epigenomics_6859_map_107,9640.135683982115,178.64598082455294
epigenomics_6859_map_108,9869.9841084607,183.38740791538777
epigenomics_6859_map_109,9313.759348202004,189.77835460113556
epigenomics_6859_map_110,10028.068619125346,184.3361173502953
epigenomics_6859_map_111,10127.442149263048,183.31178563844546
epigenomics_6859_map_112,9477.775772204273,188.36989645398305
epigenomics_6859_map_113,9199.263945214612,188.41311000186928
epigenomics_6859_map_114,10172.967000698556,198.3679912597471
epigenomics_6859_map_115,9976.964546961719,187.37734525682362
epigenomics_6859_map_116,9892.293967080972,183.52833664670365
epigenomics_6859_map_117,9836.616572692457,183.6528520963368
epigenomics_6859_map_118,10798.77880932495,192.71192874340235
epigenomics_6859_map_119,10824.031494924362,184.1366611459937
epigenomics_6859_map_120,9075.578503383163,186.8584197250987
epigenomics_6859_map_121,9311.524332723495,187.09474582837927
epigenomics_6859_map_122,10249.806684215506,177.16054278441487
epigenomics_6859_map_123,10239.541303930386,188.5202769754712
epigenomics_6859_map_124,9891.199982255746,190.93696791033537
epigenomics_6859_map_125,10274.27056726119,180.22260206481815
epigenomics_6859_map_126,9744.263757280632,184.918586543622
epigenomics_6859_map_127,9618.141065748283,188.09446662473619
epigenomics_6859_map_128,9536.103042389805,185.46489903469165
epigenomics_6859_map_129,10277.455462698648,181.87240057808341
epigenomics_6859_map_130,9501.784434583271,191.02754278179486
epigenomics_6859_map_131,10241.977514667153,184.85182559692868
epigenomics_6859_map_132,9693.750441152099,183.4625828419419
epigenomics_6859_map_133,9623.538987537788,180.29220744457504
epigenomics_6859_map_134,9589.206831572865,191.85693086723526
epigenomics_6859_map_135,9457.523508358248,182.44272242484507
epigenomics_6859_map_136,9960.565334762769,177.55011175232613
epigenomics_6859_map_137,10008.905725517097,178.21630757904225
epigenomics_6859_map_138,11187.658645889403,183.63641887681706
epigenomics_6859_map_139,10153.607523282371,186.74953367630806
epigenomics_6859_map_140,9841.318395035987,183.93230940974092
epigenomics_6859_map_141,9371.556482965618,194.50123497025155
epigenomics_6859_map_142,9423.642467311724,191.14973740361154
epigenomics_6859_map_143,9295.018200788227,189.17773342200735
epigenomics_6859_map_144,10157.69395524018,189.137577050888
epigenomics_6859_map_145,9773.948983136204,178.17070113355075
epigenomics_6859_map_146,10078.090753115,180.8580926199087
epigenomics_6859_map_147,10173.947137406667,176.97693322095765
epigenomics_6859_map_148,9106.501198050297,186.69798334394335
epigenomics_6859_map_149,10263.249017792097,182.8314247996683
epigenomics_6859_map_150,9491.652550028466,193.73175754528674
epigenomics_6859_map_151,9031.86495761096,183.63861018808362
epigenomics_6859_map_152,9195.978761689637,188.4885048292899
epigenomics_6859_map_153,10636.19170735092,191.69540716715446
epigenomics_6859_map_154,9685.525838754751,181.15632826092985
epigenomics_6859_map_155,10058.311667523943,185.45774731579195
epigenomics_6859_map_156,10416.923458047111,182.3813983414171
epigenomics_6859_map_157,10099.793544980403,189.49874544129634
epigenomics_6859_map_158,9967.479966578956,180.45314305394098
epigenomics_6859_map_159,10489.249279092199,184.721061907401
epigenomics_6859_map_160,9891.289263188728,184.5445882342712
epigenomics_6859_map_161,8853.034222792014,191.09238229732497
epigenomics_6859_map_162,9561.608935296203,184.58113134443872
epigenomics_6859_map_163,10755.702239064678,183.7383555986489
epigenomics_6859_map_164,10061.482300569764,194.21419140138417
epigenomics_6859_map_165,10114.205416865525,194.7559439783747
epigenomics_6859_map_166,9945.810896363875,173.33129083590597
epigenomics_6859_map_167,9652.258989289861,180.10820082646603
epigenomics_6859_map_168,10253.445450174644,190.50304989869267
epigenomics_6859_map_169,10130.509979938306,185.7261350735101
epigenomics_6859_map_170,9865.428977640826,192.45997294212862
epigenomics_6859_map_171,10011.75529945478,190.27416847475703
epigenomics_6859_map_172,10071.984249586932,186.07169662910204
epigenomics_6859_map_173,9844.113989436551,187.2307133188344
epigenomics_6859_map_174,9658.779129386046,183.8173951929762
epigenomics_6859_map_175,11026.93900341408,184.7877590289955
epigenomics_6859_map_176,10416.842963310599,175.98996937663918
epigenomics_6859_map_177,9837.80609916548,188.4425057611337
epigenomics_6859_map_178,9463.324566620331,177.07894046211933
epigenomics_6859_map_179,9548.906397204999,187.43735695243276
epigenomics_6859_map_180,8944.82122537681,178.72014084194592
epigenomics_6859_map_181,9713.112794150993,183.39692864125345
epigenomics_6859_map_182,9575.321542310461,195.78216247978966
epigenomics_6859_map_183,9688.551719044366,179.55179467499312
epigenomics_6859_map_184,10260.817493645338,175.9047424935855
epigenomics_6859_map_185,9273.647492133767,186.4175010318494
epigenomics_6859_map_186,10287.694300017369,185.14447124747733
epigenomics_6859_map_187,9786.60384609783,184.29579507083437
epigenomics_6859_map_188,10084.936923575811,187.90120868433542
epigenomics_6859_map_189,9622.181320254964,185.80610630909575
epigenomics_6859_map_190,9702.05735947163,181.31597371986425
epigenomics_6859_map_191,9567.195883862049,186.28405292740734
epigenomics_6859_map_192,10217.290969585654,183.0083107307725
epigenomics_6859_map_193,10273.285680892328,183.35477901854887
epigenomics_6859_map_194,9032.681087220188,179.3363240851137
epigenomics_6859_map_195,9640.25981220496,185.14465862084805
epigenomics_6859_map_196,10684.91221801005,193.63076308262933
epigenomics_6859_map_197,9307.98246550021,186.2496199232861
epigenomics_6859_map_198,10014.049758361585,183.31388995446179
epigenomics_6859_map_199,10804.837137920853,178.9387457216324
epigenomics_6859_map_200,10287.873542794381,192.15511976625064
epigenomics_6859_map_201,10374.206472190877,181.45651916780523
epigenomics_6859_map_202,9665.252862029627,180.9309505156412
epigenomics_6859_map_203,9779.919629884913,189.03131613131322
epigenomics_6859_map_204,11710.767369512792,183.79321713227512
epigenomics_6859_map_205,9906.202811548195,187.95522469455562
epigenomics_6859_map_206,8546.148066886257,193.30470542389781
epigenomics_6859_map_207,9884.331894017487,180.43206095776327
epigenomics_6859_map_208,9897.623436949885,176.44320623438534
epigenomics_6859_map_209,10163.10786920198,181.07271977191454
epigenomics_6859_map_210,10039.621136893507,186.0917032373782
epigenomics_6859_map_211,9654.352106987246,188.8242110581063
epigenomics_6859_map_212,9761.481071897444,182.9178519342163
epigenomics_6859_map_213,9570.570046896066,188.4996988563509
epigenomics_6859_map_214,9716.544028260061,184.7369122535042
epigenomics_6859_map_215,11275.927405759314,193.76261198254159
epigenomics_6859_map_216,10010.356867379478,186.7542854391702
epigenomics_6859_map_217,10152.793962477888,184.1901130883452
epigenomics_6859_map_218,10957.75227021483,183.0906516762091
epigenomics_6859_map_219,10154.877070695571,190.84637606978114
epigenomics_6859_map_220,9857.35941505898,185.6566154878356
epigenomics_6859_map_221,9833.05740938283,179.5404658813238
epigenomics_6859_map_222,9827.751710956576,188.82839019611828
epigenomics_6859_map_223,10012.51903124328,181.35625782388468
epigenomics_6859_map_224,10723.96344940215,187.58076851395924
epigenomics_6859_map_225,9693.085878333195,190.81586861270674
epigenomics_6859_map_226,9516.010957655086,180.48544398849037
epigenomics_6859_map_227,8965.55203002575,184.88042288005332
epigenomics_6859_map_228,10728.330922728985,182.74166172977894
epigenomics_6859_map_229,10279.098364268251,193.00270771643127
epigenomics_6859_map_230,10556.9565736541,189.77013442272045
epigenomics_6859_map_231,10350.884410727154,183.05717268687965
epigenomics_6859_map_232,10000.586376558631,170.32693739121453
epigenomics_6859_map_233,10637.455515047479,188.4022208590746
epigenomics_6859_map_234,10342.213852135914,184.19105531179576
epigenomics_6859_map_235,9826.555958442283,188.38604009607883
epigenomics_6859_map_236,10625.887484570187,185.47411641531426
epigenomics_6859_map_237,10297.392725012558,186.05322893477842
epigenomics_6859_map_238,9906.321633498392,185.3277248606615
epigenomics_6859_map_239,10550.088107417741,185.03868756729932
epigenomics_6859_map_240,9598.370568778573,193.64709328644145
epigenomics_6859_map_241,8805.997345336042,185.0908175085892
epigenomics_6859_map_242,9998.750153760813,193.87296630583876
epigenomics_6859_map_243,9244.05616653715,185.628954822111
epigenomics_6859_map_244,10110.58282849849,185.91897182824283
epigenomics_6859_map_245,10479.52619531678,175.9813036892338
epigenomics_6859_map_246,9549.002213726973,185.61684876082742
epigenomics_6859_map_247,9353.01982282296,184.47062361827562
epigenomics_6859_map_248,10182.09067797535,185.60244130202838
epigenomics_6859_map_249,10082.142803353952,186.6388942917506
epigenomics_6859_map_250,10257.29928809701,189.96441079044317
epigenomics_6859_map_251,10050.475658339057,181.28189630617513
epigenomics_6859_map_252,9430.773994140423,188.61887923223676
epigenomics_6859_map_253,9888.551815058396,184.68419872952398
epigenomics_6859_map_254,10078.128491800748,178.04712545729322
epigenomics_6859_map_255,9932.293161716547,185.18865863908417
epigenomics_6859_map_256,9628.930384378235,196.10269684848373
epigenomics_6859_map_257,10290.54104238403,183.28179124514318
epigenomics_6859_map_258,10114.492733896766,185.26501071666559
epigenomics_6859_map_259,9590.912222994972,197.9426124552668
epigenomics_6859_map_260,9390.423178168054,177.45840908492943
epigenomics_6859_map_261,9440.81237148144,186.0368461285074
epigenomics_6859_map_262,10793.342868751477,178.3721580888638
epigenomics_6859_map_263,9862.92396723609,182.4984765533509
epigenomics_6859_map_264,9868.842368114298,189.98007739526287
epigenomics_6859_map_265,10208.710373375221,196.6572629307433
epigenomics_6859_map_266,9745.651813863651,195.5261591069499
epigenomics_6859_map_267,10163.520812294331,194.11481302172538
epigenomics_6859_map_268,10087.877904346182,186.70876943513338
epigenomics_6859_map_269,11208.551948853881,190.45346488385584
epigenomics_6859_map_270,9203.157388139583,189.54945755493875
epigenomics_6859_map_271,9822.243431470331,181.69985074962807
epigenomics_6859_map_272,8564.657763893423,173.61720518647644
epigenomics_6859_map_273,10196.995374640574,187.29385170885254
epigenomics_6859_map_274,9998.570177603373,187.33293626841072
epigenomics_6859_map_275,9229.010266738202,178.5483923340943
epigenomics_6859_map_276,10691.150882504407,182.70019573436076
epigenomics_6859_map_277,9627.724389134864,185.78900024857796
epigenomics_6859_map_278,10349.850350277875,193.23604318246748
epigenomics_6859_map_279,10559.418008392055,185.70517202559324
epigenomics_6859_map_280,10438.951808710639,177.1168226147694
epigenomics_6859_map_281,10873.030242572977,181.03345447464517
epigenomics_6859_map_282,10715.653967535698,190.87909205563636
epigenomics_6859_map_283,9585.17174362093,175.58642040579136
epigenomics_6859_map_284,9253.677843699048,183.5536860551905
epigenomics_6859_map_285,9786.08650685599,186.5109392550071
epigenomics_6859_map_286,10761.579727495315,187.7185308310059
epigenomics_6859_map_287,10067.432633555292,186.20145761312634
epigenomics_6859_map_288,9534.848335865008,186.23349801770158
epigenomics_6859_map_289,9692.919180873432,190.88606966546124
epigenomics_6859_map_290,9994.398072681413,195.5909618502714
epigenomics_6859_map_291,9863.216549963508,183.588448582627
epigenomics_6859_map_292,10089.5175985939,189.93519356400023
epigenomics_6859_map_293,9810.182209477685,185.59429405746923
epigenomics_6859_map_294,9340.924833705189,187.56114126213376
epigenomics_6859_map_295,10956.344909273697,186.5972944228899
epigenomics_6859_map_296,10290.129013386912,182.64769231539654
epigenomics_6859_map_297,10035.982430142269,189.46868375088954
epigenomics_6859_map_298,9981.800206956239,186.7610574430377
epigenomics_6859_map_299,10366.78599047774,186.9750185995907
epigenomics_6859_map_300,9312.975678494766,187.580123030486
epigenomics_6859_map_301,9575.54354488044,184.07077820649917
epigenomics_6859_map_302,9889.299829459233,196.22628104347748
epigenomics_6859_map_303,9908.788081314482,185.1537948437818
epigenomics_6859_map_304,10160.625546185704,183.0701132685262
epigenomics_6859_map_305,10634.8594672925,182.3447059268935
epigenomics_6859_map_306,9418.83069731913,182.08533039549343
epigenomics_6859_map_307,9916.023735287992,184.4501337326332
epigenomics_6859_map_308,10651.957785352231,184.4566339618049
epigenomics_6859_map_309,10205.870324016643,180.94208025199478
epigenomics_6859_map_310,10987.737577660107,189.20211403187452
epigenomics_6859_map_311,10069.555155188835,192.17878566897357
epigenomics_6859_map_312,10225.423932535616,188.5553081949458
epigenomics_6859_map_313,10791.767671132144,184.54288988409883
epigenomics_6859_map_314,9727.712244491733,180.29680349287048
epigenomics_6859_map_315,8778.568853505434,190.53707176508223
epigenomics_6859_map_316,10697.481964253806,185.55800928175935
epigenomics_6859_map_317,10588.474193766287,181.04492116221869
epigenomics_6859_map_318,10832.445961997637,173.1063483058734
epigenomics_6859_map_319,10411.313919893017,181.87386991279607
epigenomics_6859_map_320,10228.903076993442,171.44303435734162
epigenomics_6859_map_321,10237.407356948512,188.2980705893445
epigenomics_6859_map_322,9946.436253253518,183.3092541455735
epigenomics_6859_map_323,10463.93250117062,190.94137942861894
epigenomics_6859_map_324,10444.104554428091,194.5750069779455
epigenomics_6859_map_325,9245.404088626596,179.99517788529567
epigenomics_6859_map_326,9066.087841351564,186.48498510786544
epigenomics_6859_map_327,11159.62274583693,187.44721668444123
epigenomics_6859_map_328,9475.491804673911,182.52416888145032
epigenomics_6859_map_329,9901.888219174632,192.6969112001345
epigenomics_6859_map_330,9970.553522004217,182.33867744982794
epigenomics_6859_map_331,10121.09431481091,189.65325313562366
epigenomics_6859_map_332,10162.409778766048,185.60516250929751
epigenomics_6859_map_333,9789.612507865328,183.06874866185484
epigenomics_6859_map_334,10794.820970349065,189.180266042955
epigenomics_6859_map_335,10723.680837572578,187.22929295088144
epigenomics_6859_map_336,10434.199808248939,180.41374383830075
epigenomics_6859_map_337,9921.22770542099,182.61381418506988
epigenomics_6859_map_338,10996.551116395549,176.0928798459144
epigenomics_6859_map_339,9541.029640241024,179.29965856686843
epigenomics_6859_map_340,9845.488803124706,176.0156142920202
epigenomics_6859_map_341,9385.176559504751,190.94307517404573
epigenomics_6859_map_342,10488.499041860057,186.74546965876573
epigenomics_6859_map_343,9228.17079953246,184.49406593617525
epigenomics_6859_map_344,10457.915039287751,191.00020854965612
epigenomics_6859_map_345,10125.914162589086,178.76958406588244
epigenomics_6859_map_346,9937.779404370325,200.54386085081768
epigenomics_6859_map_347,9422.294914359216,187.93677737262806
epigenomics_6859_map_348,8526.775100527275,188.0853691304136
epigenomics_6859_map_349,10189.655755881426,179.34843569373496
epigenomics_6859_map_350,10418.512539857795,194.3109697927722
epigenomics_6859_map_351,9764.561898184209,184.55625965386403
epigenomics_6859_map_352,10310.47827407527,192.97880845126616
epigenomics_6859_map_353,9270.81398537335,184.36658817801043
epigenomics_6859_map_354,10013.780612167962,187.06813584093376
epigenomics_6859_map_355,9408.51524116597,176.61581688318284
epigenomics_6859_map_356,10510.392059104957,185.92582293861417
epigenomics_6859_map_357,9619.418600289304,198.33544038854248
epigenomics_6859_map_358,9039.427664268736,184.4990766112675
epigenomics_6859_map_359,10643.873592572168,178.38366918498096
epigenomics_6859_map_360,9446.562103587567,191.10309320928386
epigenomics_6859_map_361,10125.419553012565,182.0884128328784
epigenomics_6859_map_362,9848.26841263869,183.26624801121665
epigenomics_6859_map_363,11044.183134300372,184.71726092820214
epigenomics_6859_map_364,9867.057192661121,185.4522443297406
epigenomics_6859_map_365,9984.433840506106,186.9390560947102
epigenomics_6859_map_366,10921.005317242614,180.49783280077023
epigenomics_6859_map_367,10549.4537081408,189.70233668267716
epigenomics_6859_map_368,9080.97095294287,182.78971071745983
epigenomics_6859_map_369,10335.926281482598,179.86777648968643
epigenomics_6859_map_370,10115.753690889427,183.7860255608754
epigenomics_6859_map_371,10986.110900583824,194.03510796114193
epigenomics_6859_map_372,8867.025840478933,168.46643642811472
epigenomics_6859_map_373,9725.610034890264,183.47575862550886
epigenomics_6859_map_374,10222.101983402843,191.4106160643
epigenomics_6859_map_375,10612.28367100857,178.1748242754727
epigenomics_6859_map_376,10370.644825057992,181.29135759490975
epigenomics_6859_map_377,10564.839258785738,186.28139271414543
epigenomics_6859_map_378,11010.635275831697,177.1705039872403
epigenomics_6859_map_379,8961.789468851011,183.78976013657146
epigenomics_6859_map_380,9438.250974121143,184.0378857707328
epigenomics_6859_map_381,9578.563919542295,180.39739533777316
epigenomics_6859_map_382,9230.076078064607,186.8523775679996
epigenomics_6859_map_383,10053.931044889503,186.1061284041611
epigenomics_6859_map_384,10172.23112810016,185.45200126193012
epigenomics_6859_map_385,9959.311670928708,182.92455249263566
epigenomics_6859_map_386,10078.589135030448,185.80571793119367
epigenomics_6859_map_387,9827.102613643357,182.08447738191063
epigenomics_6859_map_388,9998.62479223876,184.56850446422217
epigenomics_6859_map_389,10123.839709410448,185.86238909995225
epigenomics_6859_map_390,9035.86982645262,179.01891119224396
epigenomics_6859_map_391,9850.787445605116,177.10720158787294
epigenomics_6859_map_392,9483.621135464644,182.12943887044867
epigenomics_6859_map_393,9958.209531540193,178.52935669213517
epigenomics_6859_map_394,10071.478176583652,188.36802852349487
epigenomics_6859_map_395,9615.264251715345,189.02440443640123
epigenomics_6859_map_396,9795.142412846966,190.28733058998327
epigenomics_6859_map_397,9243.972785987784,177.46723498705862
epigenomics_6859_map_398,10578.958942641419,194.2307257577037
epigenomics_6859_map_399,9140.181910352856,190.15906949195508
epigenomics_6859_map_400,9672.115564396152,188.80163010514713
epigenomics_6859_map_401,9358.592016912353,188.59045240288006
epigenomics_6859_map_402,9966.556306412005,187.6337228716701
epigenomics_6859_map_403,9097.951088807824,187.18518865077195
epigenomics_6859_map_404,10085.31709332221,186.08546939752213
epigenomics_6859_map_405,10280.607615290988,185.37682414371355
epigenomics_6859_map_406,9619.931912079523,185.94789273620805
epigenomics_6859_map_407,9609.204284521347,187.61028326455565
epigenomics_6859_map_408,10090.448082749343,188.2294189419749
epigenomics_6859_map_409,10023.025343012585,179.81872726363642
epigenomics_6859_map_410,9762.645680976668,187.26745348367967
epigenomics_6859_map_411,10515.712482308794,190.35644217800493
epigenomics_6859_map_412,9624.22369958157,194.75871334588558
epigenomics_6859_map_413,10220.248034897546,187.05376744657508
epigenomics_6859_map_414,10291.62275427827,183.4555402069994
epigenomics_6859_map_415,10613.022263022747,183.44405902418703
epigenomics_6859_map_416,9594.401086411519,174.88168498650353
epigenomics_6859_map_417,10326.743980729543,179.88121706424545
epigenomics_6859_map_418,9778.629115046018,194.6232832193172
epigenomics_6859_map_419,9750.521775315881,189.60024634007135
epigenomics_6859_map_420,9826.42585333217,186.2312500796081
epigenomics_6859_map_421,10093.314275810068,179.27050533821816
epigenomics_6859_map_422,9341.247872827957,189.9827657676168
epigenomics_6859_map_423,10298.96621459869,189.0713664740981
epigenomics_6859_map_424,10423.81535054272,187.50556582292884
epigenomics_6859_map_425,9950.124904720613,183.76667518717366
epigenomics_6859_map_426,9460.674896387192,185.14087875818555
epigenomics_6859_map_427,11069.248808155437,186.23314476692806
epigenomics_6859_map_428,10425.190154504247,179.48450344918768
epigenomics_6859_map_429,9942.841997079728,182.57565328195568
epigenomics_6859_map_430,10568.799729215178,192.41461452796997
epigenomics_6859_map_431,11100.198662175759,187.8476395992245
epigenomics_6859_map_432,9661.249532178399,181.59390458790818
epigenomics_6859_map_433,10341.945450586301,181.55362302432067
epigenomics_6859_map_434,9350.652162038805,184.18779903127498
epigenomics_6859_map_435,9829.460899498685,184.20169193153393
epigenomics_6859_map_436,10783.736915312968,181.95590040130233
epigenomics_6859_map_437,10086.156021529032,192.88282191755732
epigenomics_6859_map_438,10133.575293001266,179.9829114295592
epigenomics_6859_map_439,9926.0494015785,181.63985689108404
epigenomics_6859_map_440,9831.628778078062,185.72786882918135
epigenomics_6859_map_441,10363.873331729184,183.95053564826642
epigenomics_6859_map_442,9673.018862391758,185.12907949262018
epigenomics_6859_map_443,9559.84278157557,190.0976848545565
epigenomics_6859_map_444,10223.61074065531,189.0726260275835
epigenomics_6859_map_445,9941.742423548687,179.10443931552635
epigenomics_6859_map_446,9376.899925267151,184.43371832952292
epigenomics_6859_map_447,9928.373613910311,185.9795619031077
epigenomics_6859_map_448,9240.373680687855,178.9436571558529
epigenomics_6859_map_449,9060.004378909276,192.42849464198665
epigenomics_6859_map_450,10031.001599180954,178.62376511029697
epigenomics_6859_map_451,10304.619472809325,190.8010292038015
epigenomics_6859_map_452,10074.861802086918,186.956537693806
epigenomics_6859_map_453,10357.079826390198,182.40233657470998
epigenomics_6859_map_454,9073.42482203092,184.91866548185033
epigenomics_6859_map_455,10274.979839226819,182.0785816246227
epigenomics_6859_map_456,10135.557815764145,182.98540051601356
epigenomics_6859_map_457,10108.753299320619,181.7981175163008
epigenomics_6859_map_458,10505.143662695436,184.25862748472687
epigenomics_6859_map_459,10315.642917294377,194.56219895519382
epigenomics_6859_map_460,10410.48818783014,185.8992610978515
epigenomics_6859_map_461,10333.26859318203,183.57658950548543
epigenomics_6859_map_462,10421.53960772071,193.5229426023243
epigenomics_6859_map_463,10435.884273066938,179.1694903118529
epigenomics_6859_map_464,11035.872990183387,181.1235660899794
epigenomics_6859_map_465,9443.68079106139,183.0175329210134
epigenomics_6859_map_466,11162.269437643543,184.21205252057626
epigenomics_6859_map_467,9505.838250482382,183.65309407405738
epigenomics_6859_map_468,9862.708988749722,182.1787888872721
epigenomics_6859_map_469,9455.68198663652,191.0011824416953
epigenomics_6859_map_470,9091.37749704439,178.59668928013616
epigenomics_6859_map_471,9419.770387005648,184.20179114397328
epigenomics_6859_map_472,9759.964080482681,198.2063390837147
epigenomics_6859_map_473,9738.95758283199,191.22780466917237
epigenomics_6859_map_474,10829.793387400285,186.79173822576792
epigenomics_6859_map_475,9284.578610628814,186.57561849352035
epigenomics_6859_map_476,10401.452536707036,187.86205567495423
epigenomics_6859_map_477,9575.555843993374,183.1728629882643
epigenomics_6859_map_478,10564.685474558582,180.82123271161552
epigenomics_6859_map_479,9812.806561263676,185.10209156632675
epigenomics_6859_map_480,10724.824502976175,191.19499076650433
epigenomics_6859_map_481,10296.991622017815,186.8016359272118
epigenomics_6859_map_482,9300.60922605507,192.08007124548678
epigenomics_6859_map_483,10191.160474984361,182.71732559654478
epigenomics_6859_map_484,10052.934475318232,187.12628290072277
epigenomics_6859_map_485,10451.193212086051,185.64297972663297
epigenomics_6859_map_486,10190.93928729833,186.40178200626337
epigenomics_6859_map_487,9870.81054159984,188.6307984705768
epigenomics_6859_map_488,10486.531372262336,186.30420163520122
epigenomics_6859_map_489,9208.38642885316,181.67864215450626
epigenomics_6859_map_490,10259.152820376783,184.2059788390142
epigenomics_6859_map_491,10110.11656837419,186.27120320271487
epigenomics_6859_map_492,10019.073349097836,181.45007050623397
epigenomics_6859_map_493,9901.937670134943,187.23246468137174
epigenomics_6859_map_494,10477.084081418478,171.36613315293854
epigenomics_6859_map_495,9461.519959706797,187.01918474814872
epigenomics_6859_map_496,10535.445291160184,172.39666349609843
epigenomics_6859_map_497,10702.208184745672,182.5215891908741
epigenomics_6859_map_498,8739.921366534205,180.82399164778877
epigenomics_6859_map_499,10200.755597606294,184.5084772223084
epigenomics_6859_mapMerge1_0,110.11059919933415,113.68029064127174
epigenomics_6859_mapMerge1_1,101.20769298231664,110.05350307995366
epigenomics_6859_mapMerge2_0,158.4324995391059,113.6720052571047
epigenomics_6859_chr21_0,181.81195153216217,56.42196549928265
epigenomics_6859_pileup_0,218.21565282236844,105.23520432752393
